1 0.0265625 0.171875 0.0453125 0.3125
1 0.084375 0.16953125 0.0671875 0.315625
0 0.225 0.16875 0.0625 0.309375
1 0.296875 0.16875 0.0703125 0.31328125
0 0.66875 0.175 0.06875 0.34296875
1 0.74296875 0.1671875 0.075 0.32734375
1 0.9625 0.16875 0.0625 0.32890625
1 0.02734375 0.81953125 0.046875 0.31953125
1 0.084375 0.81796875 0.06640625 0.315625
1 0.153125 0.81875 0.0609375 0.328125
0 0.37421875 0.8359375 0.0609375 0.31640625
1 0.44375 0.84140625 0.071875 0.3171875
0 0.153125 0.165625 0.0640625 0.30859375
0 0.3703125 0.16640625 0.065625 0.3171875
0 0.446875 0.165625 0.0734375 0.3125
0 0.521875 0.16640625 0.06328125 0.325
0 0.58984375 0.171875 0.0703125 0.328125
0 0.85546875 0.1734375 0.140625 0.346875
0 0.21875 0.55859375 0.18359375 0.125
0 0.22578125 0.83125 0.0609375 0.3265625
0 0.3015625 0.83515625 0.06875 0.31953125
0 0.5171875 0.8390625 0.06953125 0.31171875
0 0.59140625 0.8359375 0.06171875 0.30859375
0 0.66875 0.84140625 0.071875 0.3171875
0 0.7390625 0.84453125 0.05625 0.3109375
0 0.8109375 0.8421875 0.08125 0.315625
0 0.88671875 0.8421875 0.07421875 0.3125
0 0.9625 0.840625 0.075 0.31875