1 0.6734375 0.97109375 0.203125 0.0578125
0 0.553125 0.9296875 0.20625 0.140625
1 0.4875 0.9046875 0.215625 0.190625
0 0.16171875 0.696875 0.2265625 0.2796875
1 0.1015625 0.6578125 0.203125 0.26875
1 0.9671875 0.52109375 0.065625 0.3171875
1 0.9359375 0.4796875 0.128125 0.33125
0 0.815625 0.325 0.253125 0.3203125
1 0.75546875 0.278125 0.2609375 0.325
0 0.61484375 0.95234375 0.2078125 0.0953125
0 0.42265625 0.88203125 0.2109375 0.2359375
0 0.35390625 0.84765625 0.2171875 0.2609375
0 0.2890625 0.79765625 0.2125 0.2609375
0 0.2296875 0.7515625 0.221875 0.271875
0 0.0703125 0.5796875 0.140625 0.325
0 0.78046875 0.6703125 0.2421875 0.2265625
0 0.9078125 0.42265625 0.184375 0.3296875
0 0.87421875 0.3703125 0.2515625 0.328125
0 0.68984375 0.23203125 0.2578125 0.321875
0 0.62109375 0.1890625 0.2484375 0.3140625
0 0.55390625 0.15 0.2609375 0.3
0 0.4921875 0.12265625 0.24375 0.2453125
0 0.428125 0.10703125 0.26875 0.2140625
0 0.3609375 0.08203125 0.2625 0.1640625
0 0.3015625 0.05859375 0.24375 0.1171875