1 0.21328125 0.0578125 0.1546875 0.115625
1 0.25234375 0.07421875 0.2078125 0.1484375
0 0.384375 0.1046875 0.2 0.209375
1 0.453125 0.12421875 0.209375 0.2484375
0 0.7984375 0.2796875 0.2171875 0.33125
1 0.871875 0.30859375 0.215625 0.321875
1 0.02578125 0.5921875 0.0515625 0.328125
1 0.05859375 0.621875 0.1171875 0.33125
0 0.21484375 0.73984375 0.1984375 0.3078125
1 0.27890625 0.77578125 0.20625 0.3078125
0 0.31796875 0.0875 0.2015625 0.175
0 0.52265625 0.14140625 0.2046875 0.2828125
0 0.59453125 0.1625 0.2109375 0.3125
0 0.6640625 0.2015625 0.2046875 0.315625
0 0.72734375 0.23828125 0.2140625 0.325
0 0.915625 0.36796875 0.16875 0.3671875
0 0.196875 0.41484375 0.2328125 0.20625
0 0.0890625 0.66328125 0.178125 0.3171875
0 0.14765625 0.7046875 0.2078125 0.3140625
0 0.346875 0.81015625 0.20625 0.3078125
0 0.41875 0.84609375 0.1984375 0.3046875
0 0.490625 0.86484375 0.20625 0.2703125
0 0.55546875 0.88671875 0.1890625 0.2265625
0 0.6234375 0.89765625 0.215625 0.2046875
0 0.69375 0.9171875 0.209375 0.165625
0 0.7609375 0.93359375 0.196875 0.1328125