0 0.9484375 0.49140625 0.103125 0.2328125
0 0.875 0.61328125 0.25 0.2671875
0 0.76875 0.74453125 0.2671875 0.2578125
0 0.65078125 0.8796875 0.2671875 0.240625
0 0.51875 0.94296875 0.24375 0.1140625
0 0.64609375 0.10625 0.2859375 0.2125
0 0.50703125 0.21484375 0.3125 0.3046875
0 0.32890625 0.0921875 0.2453125 0.184375
0 0.21015625 0.20234375 0.2328125 0.2296875
0 0.10703125 0.3453125 0.2140625 0.2375
0 0.0484375 0.47734375 0.096875 0.2390625
0 0.13984375 0.6234375 0.2796875 0.290625
0 0.25 0.50390625 0.30625 0.2953125
0 0.0828125 0.71953125 0.165625 0.2171875
0 0.4328125 0.6859375 0.3296875 0.346875
1 0.3796875 0.36171875 0.3046875 0.296875