0 0.25859375 0.0421875 0.2421875 0.084375
0 0.21171875 0.17421875 0.2828125 0.2375
0 0.153125 0.35859375 0.284375 0.23125
0 0.11328125 0.55 0.2265625 0.23125
0 0.09140625 0.7375 0.1828125 0.209375
0 0.08671875 0.85390625 0.1734375 0.1171875
0 0.83203125 0.13515625 0.275 0.1734375
0 0.79296875 0.3078125 0.3265625 0.2796875
0 0.95703125 0.37578125 0.0859375 0.2203125
0 0.92734375 0.5640625 0.1453125 0.2
0 0.87109375 0.75625 0.18125 0.20625
0 0.8140625 0.91484375 0.175 0.1703125
0 0.6234375 0.878125 0.31875 0.24375
0 0.66796875 0.70859375 0.325 0.2640625
0 0.58125 0.96640625 0.275 0.0671875
0 0.396875 0.63984375 0.284375 0.3796875
1 0.72734375 0.50703125 0.3171875 0.2734375