0 0.0765625 0.0796875 0.140625 0.159375
0 0.08515625 0.2671875 0.1421875 0.159375
0 0.0875 0.44921875 0.15546875 0.1640625
0 0.0859375 0.6265625 0.16796875 0.16328125
0 0.096875 0.803125 0.178125 0.171875
0 0.11875 0.9453125 0.21875 0.109375
0 0.5953125 0.04296875 0.2453125 0.0859375
0 0.615625 0.2171875 0.25859375 0.2265625
0 0.89296875 0.2 0.2140625 0.178125
0 0.87734375 0.38984375 0.2453125 0.1546875
0 0.6234375 0.59453125 0.2578125 0.1625
0 0.88125 0.58046875 0.2375 0.1578125
0 0.884375 0.771875 0.23046875 0.1765625
0 0.63671875 0.78359375 0.26953125 0.1765625
0 0.64140625 0.9328125 0.25078125 0.1203125
0 0.88828125 0.93515625 0.2234375 0.1296875
0 0.359375 0.63125 0.17578125 0.32109375
1 0.86015625 0.06015625 0.271875 0.1203125
1 0.621875 0.42421875 0.25859375 0.1765625