0 0.128125 0.1421875 0.2140625 0.1875
0 0.13984375 0.325 0.21015625 0.15703125
0 0.146875 0.4828125 0.22265625 0.14140625
0 0.1578125 0.6390625 0.2140625 0.14921875
0 0.16484375 0.78984375 0.21171875 0.1421875
0 0.18203125 0.9375 0.25078125 0.125
0 0.63125 0.08671875 0.22265625 0.15
0 0.86875 0.07421875 0.24609375 0.140625
0 0.64140625 0.28203125 0.225 0.20390625
0 0.884375 0.26015625 0.23046875 0.153125
0 0.88828125 0.43203125 0.2234375 0.1296875
0 0.88671875 0.59609375 0.2265625 0.1453125
0 0.88828125 0.75703125 0.221875 0.134375
0 0.896875 0.92578125 0.20625 0.1484375
0 0.65390625 0.9234375 0.2140625 0.15234375
0 0.6578125 0.76875 0.2140625 0.15
0 0.653125 0.61875 0.2203125 0.14375
0 0.4171875 0.64140625 0.13984375 0.275
1 0.6484375 0.459375 0.2265625 0.1375