0 0.06484375 0.875 0.1296875 0.15
0 0.08359375 0.7140625 0.1671875 0.20625
0 0.10390625 0.534375 0.2078125 0.190625
0 0.1234375 0.35703125 0.2359375 0.2
0 0.1515625 0.18515625 0.2421875 0.1921875
0 0.19453125 0.0546875 0.2796875 0.109375
0 0.56640625 0.978125 0.2609375 0.04375
0 0.60234375 0.83828125 0.2890625 0.26875
0 0.84453125 0.8984375 0.2265625 0.203125
0 0.8765625 0.7046875 0.215625 0.1765625
0 0.8953125 0.51640625 0.209375 0.1953125
0 0.91015625 0.3328125 0.1796875 0.18125
0 0.9328125 0.14453125 0.134375 0.1890625
0 0.7171875 0.1125 0.265625 0.2046875
0 0.69921875 0.28671875 0.2671875 0.20625
0 0.66953125 0.45703125 0.275 0.2
0 0.4046875 0.39296875 0.203125 0.3359375
1 0.63828125 0.6375 0.28125 0.19375