0 0.04296875 0.35390625 0.0859375 0.1890625
0 0.0703125 0.53984375 0.140625 0.1984375
0 0.10703125 0.72109375 0.1671875 0.2
0 0.16015625 0.896875 0.1859375 0.20625
0 0.21640625 0.98046875 0.2109375 0.0390625
0 0.46171875 0.0375 0.2640625 0.075
0 0.5234375 0.171875 0.3234375 0.2984375
0 0.79921875 0.1015625 0.2578125 0.203125
0 0.83203125 0.28359375 0.2828125 0.21875
0 0.628125 0.5578125 0.30625 0.23125
0 0.8734375 0.47734375 0.253125 0.2203125
0 0.9 0.671875 0.2 0.2375
0 0.68984375 0.7484375 0.321875 0.25
0 0.73046875 0.89609375 0.2875 0.18125
0 0.92734375 0.83203125 0.1453125 0.1734375
0 0.3671875 0.6625 0.2625 0.3734375
1 0.73671875 0.021875 0.2953125 0.04375
1 0.5828125 0.38359375 0.3109375 0.246875