0 0.45546875 0.0296875 0.2640625 0.059375
0 0.33515625 0.1015625 0.2578125 0.203125
0 0.22890625 0.20859375 0.2578125 0.2515625
0 0.12734375 0.3390625 0.2546875 0.2625
0 0.07421875 0.46484375 0.1484375 0.2609375
0 0.03359375 0.59140625 0.0671875 0.2578125
0 0.87421875 0.23828125 0.2515625 0.2421875
0 0.9734375 0.3984375 0.053125 0.240625
0 0.7640625 0.38671875 0.3296875 0.3265625
0 0.9140625 0.5359375 0.171875 0.28125
0 0.8546875 0.67890625 0.2671875 0.2578125
0 0.7359375 0.81328125 0.2796875 0.271875
0 0.6234375 0.90703125 0.26875 0.1859375
0 0.32265625 0.890625 0.2703125 0.21875
0 0.43046875 0.796875 0.2828125 0.275
0 0.53359375 0.67109375 0.2828125 0.2734375
0 0.325 0.521875 0.3109375 0.325
1 0.64296875 0.53671875 0.284375 0.2734375