0 0.128125 0.1625 0.19453125 0.11015625
0 0.146875 0.321875 0.2078125 0.13984375
0 0.1546875 0.48203125 0.203125 0.13203125
0 0.15234375 0.65 0.203125 0.1328125
0 0.178125 0.80546875 0.1875 0.11796875
0 0.20078125 0.94296875 0.2203125 0.1140625
0 0.62734375 0.08828125 0.215625 0.14921875
0 0.64140625 0.26875 0.228125 0.165625
0 0.8765625 0.07421875 0.2453125 0.13671875
0 0.88671875 0.26640625 0.2265625 0.15703125
0 0.8875 0.43046875 0.225 0.1390625
0 0.88515625 0.5984375 0.2296875 0.14375
0 0.8890625 0.75546875 0.221875 0.1515625
0 0.8921875 0.9171875 0.21484375 0.1625
0 0.66484375 0.76796875 0.228125 0.14921875
0 0.6515625 0.61640625 0.2328125 0.1515625
0 0.6671875 0.92109375 0.2171875 0.15
0 0.4203125 0.6359375 0.153125 0.2796875
1 0.64375 0.44296875 0.221875 0.16328125