0 0.97421875 0.65546875 0.0515625 0.2046875
0 0.940625 0.44453125 0.11875 0.2140625
0 0.89609375 0.2421875 0.1484375 0.215625
0 0.83125 0.07734375 0.16875 0.1546875
0 0.45703125 0.84765625 0.3703125 0.3046875
0 0.1875 0.91796875 0.209375 0.1640625
0 0.14765625 0.73515625 0.2375 0.2296875
0 0.33125 0.43125 0.3484375 0.26875
0 0.09921875 0.515625 0.1984375 0.23125
0 0.0671875 0.29609375 0.134375 0.2515625
0 0.25703125 0.2171875 0.3671875 0.2875
0 0.21796875 0.0875 0.30625 0.134375
0 0.03359375 0.153125 0.0671875 0.103125
0 0.625 0.30703125 0.303125 0.4265625
1 0.3859375 0.628125 0.3546875 0.284375