0 0.45625 0.415625 0.121875 0.125
1 0.6984375 0.9625 0.115625 0.075
1 0.67109375 0.95390625 0.1203125 0.0921875
1 0.63828125 0.94609375 0.1171875 0.1078125
1 0.603125 0.9328125 0.1234375 0.1265625
1 0.57265625 0.915625 0.125 0.128125
1 0.5390625 0.9015625 0.1328125 0.1390625
1 0.50703125 0.87421875 0.1296875 0.1328125
1 0.4734375 0.853125 0.134375 0.1375
1 0.43984375 0.83671875 0.1328125 0.1375
1 0.40625 0.8203125 0.128125 0.13125
1 0.371875 0.80234375 0.1328125 0.1359375
1 0.33984375 0.7859375 0.1359375 0.1390625
1 0.30625 0.76484375 0.140625 0.14375
1 0.2734375 0.746875 0.140625 0.14375
1 0.2421875 0.72578125 0.14375 0.1484375
1 0.20546875 0.7078125 0.1453125 0.1484375
1 0.1734375 0.68984375 0.1421875 0.1453125
1 0.13984375 0.67421875 0.14375 0.146875
1 0.10625 0.6546875 0.1375 0.140625
1 0.075 0.63828125 0.1484375 0.1515625
1 0.05625 0.61875 0.1125 0.153125
1 0.040625 0.6015625 0.08125 0.15
1 0.021875 0.58203125 0.04375 0.1515625
1 0.61328125 0.9171875 0.1 0.0984375
0 0.71484375 0.9734375 0.0859375 0.053125
0 0.44296875 0.41796875 0.109375 0.1125
1 0.553125 0.98359375 0.096875 0.0328125
1 0.86328125 0.78515625 0.1140625 0.11875
1 0.8265625 0.76640625 0.1234375 0.1265625
1 0.79375 0.74921875 0.1296875 0.1328125
1 0.76171875 0.73046875 0.125 0.1296875
1 0.72734375 0.7109375 0.1296875 0.1328125
1 0.69296875 0.69375 0.1265625 0.1296875
1 0.65703125 0.675 0.13125 0.134375
1 0.628125 0.6578125 0.125 0.128125
1 0.59375 0.63984375 0.1265625 0.1296875
1 0.5609375 0.6234375 0.134375 0.1375
1 0.52578125 0.60234375 0.121875 0.125
1 0.49296875 0.5828125 0.1296875 0.1328125
1 0.459375 0.5640625 0.140625 0.14375
1 0.425 0.546875 0.1234375 0.128125
1 0.3921875 0.5296875 0.13125 0.1359375
1 0.92578125 0.6828125 0.1390625 0.1421875
1 0.884375 0.6578125 0.1328125 0.1359375
1 0.85078125 0.6390625 0.1296875 0.134375
1 0.8171875 0.62421875 0.13125 0.134375
1 0.78125 0.60390625 0.13125 0.1359375
1 0.3609375 0.51015625 0.128125 0.1328125
1 0.7515625 0.5828125 0.125 0.128125
1 0.71484375 0.5671875 0.1171875 0.1203125
1 0.68359375 0.546875 0.1234375 0.1265625
1 0.65546875 0.5328125 0.13125 0.134375
1 0.61875 0.50625 0.125 0.128125
1 0.5875 0.490625 0.1296875 0.1328125
1 0.55703125 0.47265625 0.134375 0.1375
1 0.51796875 0.45625 0.128125 0.1328125
1 0.48984375 0.43828125 0.121875 0.1265625
1 0.41953125 0.39375 0.1171875 0.121875
1 0.38984375 0.3765625 0.11875 0.121875
1 0.3578125 0.3578125 0.1234375 0.1265625
1 0.32265625 0.33984375 0.1296875 0.134375
1 0.2890625 0.32109375 0.1296875 0.1328125
1 0.26015625 0.29921875 0.134375 0.1390625
1 0.225 0.28203125 0.1296875 0.1328125
1 0.3296875 0.48515625 0.121875 0.125
1 0.29765625 0.4703125 0.134375 0.1359375
1 0.265625 0.4484375 0.1265625 0.1296875
1 0.22890625 0.43046875 0.1265625 0.1296875
1 0.1984375 0.409375 0.1234375 0.1265625
1 0.16484375 0.3921875 0.1234375 0.1265625
1 0.13125 0.371875 0.1234375 0.128125
1 0.0984375 0.35703125 0.121875 0.125
1 0.0640625 0.33828125 0.128125 0.13125
1 0.046875 0.31953125 0.09375 0.1296875
1 0.190625 0.2609375 0.1296875 0.1328125
1 0.16171875 0.24453125 0.128125 0.13125
1 0.128125 0.23046875 0.134375 0.1359375
1 0.10546875 0.21953125 0.103125 0.109375
1 0.6046875 0.065625 0.128125 0.13125
1 0.4484375 0.11328125 0.13125 0.134375
1 0.7046875 0.12421875 0.128125 0.13125
1 0.97421875 0.42734375 0.0515625 0.1328125
1 0.9578125 0.4109375 0.084375 0.134375
1 0.93984375 0.39375 0.1203125 0.1375
1 0.9875 0.33359375 0.025 0.0859375
1 0.96953125 0.309375 0.0609375 0.090625
1 0.9109375 0.378125 0.13125 0.134375
1 0.953125 0.2890625 0.09375 0.1
1 0.87578125 0.36171875 0.128125 0.13125
1 0.92578125 0.27265625 0.11875 0.1203125
1 0.8984375 0.24765625 0.115625 0.1171875
1 0.8421875 0.34296875 0.121875 0.125
1 0.81328125 0.3234375 0.1265625 0.1296875
1 0.78046875 0.3046875 0.1265625 0.1296875
1 0.7484375 0.28359375 0.1234375 0.1265625
1 0.7140625 0.26484375 0.1234375 0.128125
1 0.67890625 0.24921875 0.11875 0.121875
1 0.64609375 0.2265625 0.1203125 0.1234375
1 0.6140625 0.21171875 0.13125 0.134375
1 0.86640625 0.225 0.11875 0.121875
1 0.8359375 0.203125 0.1296875 0.13125
1 0.8046875 0.18046875 0.125 0.128125
1 0.77421875 0.16328125 0.128125 0.13125
1 0.73671875 0.13984375 0.121875 0.125
1 0.6734375 0.10234375 0.1296875 0.1328125
1 0.6375 0.084375 0.1296875 0.1328125
1 0.578125 0.190625 0.1234375 0.1265625
1 0.54765625 0.17265625 0.121875 0.125
1 0.515625 0.14765625 0.128125 0.13125
1 0.48125 0.13125 0.1234375 0.1265625
1 0.4140625 0.0953125 0.128125 0.13125
1 0.38125 0.0765625 0.128125 0.13125
1 0.346875 0.06171875 0.128125 0.1234375
1 0.31484375 0.053125 0.1265625 0.10625
1 0.28671875 0.04375 0.1140625 0.0875
1 0.2671875 0.0359375 0.090625 0.071875
1 0.57109375 0.05625 0.1296875 0.1125
1 0.53671875 0.04765625 0.1296875 0.0953125
1 0.50390625 0.0375 0.1296875 0.075
1 0.47265625 0.02734375 0.1328125 0.0546875
1 0.440625 0.01875 0.134375 0.0375