0 0.4546875 0.3484375 0.0734375 0.1171875
1 0.97734375 0.41875 0.0453125 0.11875
1 0.959375 0.4203125 0.08125 0.121875
1 0.9703125 0.29375 0.059375 0.125
1 0.94375 0.29765625 0.08125 0.121875
1 0.3796875 0.74140625 0.0921875 0.1390625
1 0.34140625 0.73828125 0.09375 0.140625
1 0.49296875 0.34296875 0.0859375 0.125
1 0.965625 0.67265625 0.046875 0.125
1 0.94140625 0.68046875 0.08125 0.1328125
1 0.9078125 0.68046875 0.0796875 0.1265625
1 0.8671875 0.6859375 0.0796875 0.134375
1 0.83046875 0.68984375 0.09375 0.1390625
1 0.796875 0.69765625 0.090625 0.1328125
1 0.759375 0.6984375 0.09375 0.1421875
1 0.7203125 0.70234375 0.08125 0.13125
1 0.6828125 0.7078125 0.0875 0.140625
1 0.64453125 0.71171875 0.0921875 0.1359375
1 0.609375 0.715625 0.0890625 0.1390625
1 0.57109375 0.7140625 0.09375 0.1453125
1 0.5328125 0.72109375 0.0875 0.1296875
1 0.49453125 0.7265625 0.0875 0.1390625
1 0.459375 0.7375 0.090625 0.1421875
1 0.41875 0.73671875 0.0875 0.140625
1 0.30234375 0.740625 0.0890625 0.146875
1 0.30390625 0.74296875 0.09375 0.1421875
1 0.26953125 0.7421875 0.0921875 0.15625
1 0.23046875 0.7515625 0.096875 0.1453125
1 0.1953125 0.75546875 0.096875 0.146875
1 0.1546875 0.75703125 0.1015625 0.1484375
1 0.11796875 0.7640625 0.1 0.14375
1 0.0671875 0.76953125 0.103125 0.1484375
1 0.91953125 0.42421875 0.0765625 0.1203125
1 0.8828125 0.428125 0.0765625 0.115625
1 0.84375 0.4296875 0.0796875 0.115625
1 0.80703125 0.434375 0.078125 0.1203125
1 0.76875 0.4390625 0.084375 0.121875
1 0.73203125 0.44375 0.078125 0.11875
1 0.69453125 0.446875 0.078125 0.1203125
1 0.65546875 0.45 0.0796875 0.11875
1 0.9078125 0.30234375 0.084375 0.1328125
1 0.8703125 0.30625 0.0859375 0.1265625
1 0.83046875 0.31015625 0.084375 0.1265625
1 0.79296875 0.3125 0.0859375 0.1296875
1 0.759375 0.31796875 0.090625 0.1296875
1 0.71796875 0.31875 0.084375 0.1265625
1 0.67890625 0.321875 0.0859375 0.1296875
1 0.6453125 0.3296875 0.084375 0.1265625
1 0.6046875 0.334375 0.084375 0.13125
1 0.61796875 0.45234375 0.08125 0.1203125
1 0.58046875 0.45546875 0.0765625 0.1171875
1 0.54140625 0.45703125 0.08125 0.1171875
1 0.50390625 0.46328125 0.084375 0.1203125
1 0.4671875 0.46796875 0.0859375 0.125
1 0.4296875 0.47109375 0.0875 0.125
1 0.39296875 0.47421875 0.0828125 0.1265625
1 0.35546875 0.47734375 0.0796875 0.1265625
1 0.31640625 0.48203125 0.084375 0.1234375
1 0.2796875 0.4875 0.084375 0.1234375
1 0.24296875 0.490625 0.08125 0.1203125
1 0.2046875 0.49453125 0.078125 0.1203125
1 0.16484375 0.496875 0.0859375 0.121875
1 0.128125 0.5 0.08125 0.11875
1 0.09296875 0.5046875 0.0796875 0.1203125
1 0.0515625 0.5078125 0.0875 0.128125
1 0.56953125 0.33671875 0.084375 0.1171875
1 0.53359375 0.34453125 0.084375 0.1296875
1 0.38125 0.3546875 0.0828125 0.1234375
1 0.4046875 0.33515625 0.0453125 0.0953125
1 0.34296875 0.3625 0.0796875 0.1171875
1 0.30703125 0.365625 0.0796875 0.1171875
1 0.2671875 0.3640625 0.08125 0.11875
1 0.228125 0.371875 0.08125 0.1140625
1 0.18984375 0.37734375 0.084375 0.1203125
1 0.15546875 0.38203125 0.078125 0.1203125
1 0.1203125 0.38671875 0.0859375 0.125
1 0.0796875 0.39140625 0.0828125 0.121875
1 0.0453125 0.39609375 0.084375 0.121875
1 0.9578125 0.08125 0.08125 0.0671875
1 0.9171875 0.0796875 0.08125 0.071875
1 0.88046875 0.075 0.08125 0.071875
1 0.840625 0.07578125 0.0796875 0.0828125
1 0.8046875 0.0765625 0.0828125 0.09375
1 0.76953125 0.07734375 0.084375 0.103125
1 0.73125 0.075 0.084375 0.1078125
1 0.6953125 0.0734375 0.0875 0.1140625
1 0.6578125 0.075 0.090625 0.1234375
1 0.61875 0.07890625 0.084375 0.1203125
1 0.5765625 0.07890625 0.0859375 0.125
1 0.5390625 0.0890625 0.084375 0.134375
1 0.50625 0.08984375 0.0921875 0.13125
1 0.465625 0.09765625 0.08125 0.128125
1 0.43046875 0.0984375 0.08125 0.1265625
1 0.52734375 0.015625 0.0796875 0.03125
1 0.48671875 0.01328125 0.0703125 0.0265625
1 0.44921875 0.01640625 0.0734375 0.0328125
1 0.4109375 0.01953125 0.078125 0.0390625
1 0.3734375 0.01953125 0.071875 0.0390625
1 0.39140625 0.10078125 0.08125 0.1265625
1 0.35390625 0.103125 0.0859375 0.1265625
1 0.31640625 0.10703125 0.090625 0.1296875
1 0.278125 0.11015625 0.084375 0.128125
1 0.2375 0.1171875 0.084375 0.128125
1 0.203125 0.12265625 0.0859375 0.128125
1 0.1640625 0.12421875 0.084375 0.128125
1 0.12578125 0.13046875 0.0828125 0.1234375
1 0.08828125 0.1296875 0.0859375 0.125
1 0.0640625 0.140625 0.0609375 0.128125
1 0.3359375 0.01875 0.06875 0.0375
1 0.3015625 0.02421875 0.071875 0.0484375
1 0.26171875 0.02578125 0.0765625 0.0515625
1 0.2234375 0.02578125 0.075 0.0515625
1 0.1875 0.03125 0.08125 0.0625
1 0.14765625 0.0296875 0.0796875 0.059375
1 0.11328125 0.0328125 0.0796875 0.065625
1 0.08359375 0.03515625 0.0671875 0.0703125
1 0.06328125 0.0359375 0.0296875 0.071875