0 0.6078125 0.50625 0.084375 0.125
1 0.103125 0.1296875 0.0859375 0.1234375
1 0.1375 0.128125 0.0828125 0.125
1 0.175 0.12578125 0.0796875 0.1234375
1 0.215625 0.1265625 0.0875 0.125
1 0.25234375 0.12578125 0.0875 0.128125
1 0.2890625 0.12109375 0.0859375 0.1453125
1 0.33125 0.12890625 0.0890625 0.134375
1 0.37109375 0.1296875 0.0953125 0.1375
1 0.409375 0.12734375 0.096875 0.134375
1 0.446875 0.12421875 0.0921875 0.128125
1 0.48671875 0.12421875 0.096875 0.1328125
1 0.5234375 0.12265625 0.1 0.134375
1 0.56328125 0.12265625 0.1015625 0.140625
1 0.6 0.121875 0.1015625 0.140625
1 0.63984375 0.125 0.1015625 0.146875
1 0.68046875 0.121875 0.1046875 0.146875
1 0.7171875 0.121875 0.103125 0.14375
1 0.75546875 0.11796875 0.1046875 0.1421875
1 0.7953125 0.11796875 0.096875 0.1390625
1 0.8296875 0.121875 0.103125 0.1375
1 0.86875 0.12578125 0.1015625 0.128125
1 0.90390625 0.12734375 0.1015625 0.1171875
1 0.94453125 0.134375 0.0890625 0.1109375
1 0.97109375 0.1359375 0.0578125 0.1
1 0.9875 0.1375 0.025 0.090625
1 0.21640625 0.1453125 0.0859375 0.0828125
0 0.0828125 0.1265625 0.05 0.1140625
0 0.61875 0.49765625 0.0796875 0.109375
1 0.99296875 0.128125 0.0140625 0.06875
1 0.21875 0.03515625 0.08125 0.0703125
1 0.0625 0.3875 0.0765625 0.121875
1 0.10546875 0.38515625 0.084375 0.1296875
1 0.1421875 0.384375 0.0921875 0.13125
1 0.18046875 0.384375 0.0890625 0.128125
1 0.2203125 0.38359375 0.0953125 0.128125
1 0.26015625 0.38203125 0.0890625 0.1296875
1 0.3 0.3796875 0.09375 0.1328125
1 0.33359375 0.3796875 0.0875 0.128125
1 0.3734375 0.378125 0.0921875 0.128125
1 0.41015625 0.3765625 0.096875 0.134375
1 0.45234375 0.37734375 0.0890625 0.1234375
1 0.49140625 0.37734375 0.096875 0.128125
1 0.53046875 0.37734375 0.1015625 0.140625
1 0.56875 0.375 0.090625 0.125
1 0.60625 0.37421875 0.0890625 0.1359375
1 0.059375 0.509375 0.1 0.1390625
1 0.10859375 0.51015625 0.09375 0.1359375
1 0.1484375 0.51015625 0.0921875 0.1328125
1 0.184375 0.50625 0.09375 0.1328125
1 0.22734375 0.50625 0.0953125 0.1328125
1 0.6453125 0.37421875 0.090625 0.134375
1 0.2640625 0.509375 0.0890625 0.128125
1 0.30390625 0.50390625 0.084375 0.1171875
1 0.34140625 0.50625 0.0875 0.1265625
1 0.3734375 0.5046875 0.0953125 0.1296875
1 0.41953125 0.509375 0.0890625 0.1265625
1 0.4546875 0.50703125 0.0984375 0.1265625
1 0.49140625 0.50703125 0.096875 0.1328125
1 0.53359375 0.5015625 0.090625 0.13125
1 0.5671875 0.503125 0.0796875 0.1328125
1 0.6515625 0.50703125 0.08125 0.121875
1 0.6859375 0.50703125 0.0828125 0.121875
1 0.725 0.50625 0.0875 0.1265625
1 0.7640625 0.5046875 0.0921875 0.13125
1 0.803125 0.5046875 0.0953125 0.1296875
1 0.83984375 0.509375 0.0921875 0.1390625
1 0.87890625 0.50625 0.0921875 0.13125
1 0.684375 0.38046875 0.0875 0.1234375
1 0.7203125 0.37734375 0.1 0.13125
1 0.75859375 0.3796875 0.0921875 0.125
1 0.8015625 0.378125 0.0921875 0.128125
1 0.83828125 0.38125 0.0921875 0.121875
1 0.87578125 0.378125 0.090625 0.1234375
1 0.915625 0.3796875 0.0890625 0.1265625
1 0.953125 0.3765625 0.0890625 0.121875
1 0.971875 0.37421875 0.05625 0.1265625
1 0.99375 0.3703125 0.0125 0.125
1 0.9203125 0.5078125 0.0921875 0.13125
1 0.95390625 0.50546875 0.0921875 0.1265625
1 0.96875 0.4984375 0.0625 0.125
1 0.65546875 0.88984375 0.090625 0.13125
1 0.76796875 0.76796875 0.0953125 0.13125
1 0.5375 0.88828125 0.0953125 0.1265625
1 0.07265625 0.7796875 0.0921875 0.1296875
1 0.11171875 0.778125 0.0953125 0.128125
1 0.14921875 0.7765625 0.096875 0.1296875
1 0.1875 0.77578125 0.096875 0.1359375
1 0.07578125 0.8828125 0.075 0.0859375
1 0.11171875 0.8796875 0.084375 0.10625
1 0.15234375 0.884375 0.0828125 0.1140625
1 0.19375 0.8890625 0.084375 0.1203125
1 0.22734375 0.76953125 0.0921875 0.1328125
1 0.22890625 0.89140625 0.0875 0.1328125
1 0.26640625 0.76640625 0.0953125 0.125
1 0.26484375 0.88671875 0.1015625 0.1390625
1 0.303125 0.89140625 0.0984375 0.1328125
1 0.30625 0.76640625 0.0875 0.1234375
1 0.340625 0.76796875 0.090625 0.1265625
1 0.3796875 0.76796875 0.09375 0.125
1 0.41875 0.76953125 0.090625 0.121875
1 0.4578125 0.76953125 0.090625 0.1234375
1 0.496875 0.76640625 0.084375 0.1203125
1 0.53671875 0.76875 0.084375 0.1234375
1 0.57265625 0.765625 0.0953125 0.1296875
1 0.34375 0.890625 0.09375 0.1296875
1 0.38203125 0.8921875 0.1 0.134375
1 0.421875 0.88984375 0.090625 0.125
1 0.45703125 0.8890625 0.0921875 0.128125
1 0.5015625 0.88984375 0.0859375 0.1234375
1 0.5765625 0.89140625 0.0921875 0.13125
1 0.6171875 0.8890625 0.0953125 0.1296875
1 0.615625 0.765625 0.0890625 0.125
1 0.65078125 0.76640625 0.0875 0.121875
1 0.6921875 0.771875 0.096875 0.125
1 0.73125 0.76953125 0.0890625 0.1234375
1 0.8078125 0.765625 0.0953125 0.128125
1 0.84609375 0.76640625 0.0953125 0.1265625
1 0.884375 0.76484375 0.09375 0.128125
1 0.92109375 0.76171875 0.0890625 0.1234375
1 0.94140625 0.7578125 0.053125 0.1171875
1 0.6953125 0.88984375 0.0921875 0.13125
1 0.73359375 0.88671875 0.096875 0.128125
1 0.771875 0.88671875 0.0953125 0.1296875
1 0.81171875 0.89140625 0.096875 0.1328125
1 0.8484375 0.890625 0.096875 0.134375
1 0.8875 0.890625 0.103125 0.1359375
1 0.90703125 0.88046875 0.0703125 0.128125