0 0.0578125 0.35078125 0.05078125 0.09921875
0 0.57265625 0.5609375 0.0515625 0.09453125
1 0.1046875 0.55625 0.0640625 0.096875
1 0.1375 0.55234375 0.05859375 0.0984375
1 0.12734375 0.66328125 0.06875 0.09921875
1 0.1640625 0.6546875 0.05703125 0.09765625
1 0.5953125 0.2203125 0.065625 0.1109375
1 0.628125 0.21953125 0.06640625 0.11328125
1 0.540625 0.56953125 0.0609375 0.1
1 0.0921875 0.340625 0.0578125 0.10625
1 0.12578125 0.33125 0.05703125 0.10625
1 0.1546875 0.3265625 0.05546875 0.10234375
1 0.18828125 0.31796875 0.0546875 0.109375
1 0.21875 0.3109375 0.06640625 0.1109375
1 0.246875 0.30078125 0.0640625 0.10625
1 0.278125 0.29609375 0.0671875 0.1140625
1 0.31171875 0.2890625 0.0578125 0.10546875
1 0.3421875 0.28125 0.06171875 0.1125
1 0.37421875 0.27421875 0.065625 0.10859375
1 0.40390625 0.26640625 0.0625 0.11171875
1 0.43671875 0.26328125 0.065625 0.1171875
1 0.46796875 0.253125 0.0625 0.10390625
1 0.5 0.24453125 0.0609375 0.1125
1 0.52890625 0.23203125 0.0640625 0.11484375
1 0.5625 0.22890625 0.0609375 0.1140625
1 0.66171875 0.21328125 0.0625 0.11796875
1 0.659375 0.21171875 0.0671875 0.11484375
1 0.6890625 0.2078125 0.06328125 0.12578125
1 0.7203125 0.19609375 0.06875 0.11640625
1 0.75 0.18984375 0.06953125 0.1171875
1 0.784375 0.184375 0.0734375 0.11796875
1 0.81484375 0.17421875 0.071875 0.115625
1 0.85703125 0.1640625 0.0734375 0.11875
1 0.171875 0.54609375 0.053125 0.09765625
1 0.20234375 0.53828125 0.05390625 0.09375
1 0.234375 0.5328125 0.05703125 0.09296875
1 0.265625 0.525 0.05625 0.09609375
1 0.296875 0.5171875 0.06015625 0.09765625
1 0.328125 0.509375 0.05625 0.0953125
1 0.359375 0.503125 0.0546875 0.096875
1 0.3921875 0.49609375 0.05703125 0.09453125
1 0.19453125 0.64765625 0.059375 0.10703125
1 0.22578125 0.63984375 0.06171875 0.10078125
1 0.259375 0.6328125 0.0609375 0.1015625
1 0.28984375 0.6265625 0.0609375 0.10390625
1 0.31796875 0.61875 0.06484375 0.103125
1 0.35234375 0.61328125 0.059375 0.10078125
1 0.38515625 0.60703125 0.0609375 0.1046875
1 0.41328125 0.596875 0.06015625 0.1015625
1 0.44765625 0.58828125 0.06015625 0.10625
1 0.42421875 0.490625 0.05703125 0.096875
1 0.45546875 0.48359375 0.0546875 0.09375
1 0.4875 0.478125 0.05859375 0.09375
1 0.51953125 0.46875 0.06171875 0.09609375
1 0.55 0.4609375 0.0625 0.1
1 0.58125 0.4546875 0.0625 0.1
1 0.6125 0.44765625 0.059375 0.1015625
1 0.64375 0.44140625 0.05625 0.10078125
1 0.67578125 0.43359375 0.06015625 0.1
1 0.70703125 0.425 0.0609375 0.0984375
1 0.7375 0.41875 0.0578125 0.09609375
1 0.76953125 0.41171875 0.05546875 0.09609375
1 0.80234375 0.40546875 0.06171875 0.096875
1 0.83359375 0.3984375 0.0578125 0.0953125
1 0.8625 0.39140625 0.05625 0.09609375
1 0.89765625 0.38359375 0.0625 0.103125
1 0.4765625 0.5828125 0.0609375 0.09296875
1 0.50703125 0.57265625 0.06015625 0.10390625
1 0.63515625 0.5484375 0.059375 0.09921875
1 0.6171875 0.56796875 0.02890625 0.07890625
1 0.66640625 0.5375 0.0578125 0.09296875
1 0.69609375 0.53125 0.05703125 0.09296875
1 0.73046875 0.528125 0.05859375 0.0953125
1 0.76171875 0.5171875 0.05859375 0.09140625
1 0.79375 0.50859375 0.059375 0.096875
1 0.82265625 0.5015625 0.05546875 0.09609375
1 0.85234375 0.49375 0.0609375 0.1
1 0.8859375 0.48515625 0.059375 0.09765625
1 0.91875 0.47890625 0.0671875 0.09765625
1 0.1765625 0.8703125 0.06484375 0.10859375
1 0.21015625 0.8625 0.06328125 0.1046875
1 0.2421875 0.859375 0.0625 0.0984375
1 0.275 0.85 0.06015625 0.1
1 0.30546875 0.840625 0.06171875 0.1
1 0.334375 0.834375 0.0625 0.103125
1 0.36796875 0.8296875 0.06171875 0.09765625
1 0.3984375 0.8234375 0.0640625 0.096875
1 0.4296875 0.8140625 0.065625 0.0984375
1 0.4625 0.80625 0.0609375 0.09609375
1 0.496875 0.80234375 0.06171875 0.09921875
1 0.528125 0.78984375 0.059375 0.1078125
1 0.55625 0.78515625 0.06640625 0.1046875
1 0.58984375 0.775 0.05703125 0.103125
1 0.61953125 0.7703125 0.0578125 0.10234375
1 0.2015625 0.9640625 0.05234375 0.071875
1 0.234375 0.95546875 0.05 0.0890625
1 0.265625 0.95234375 0.0546875 0.0890625
1 0.29921875 0.95 0.06015625 0.09765625
1 0.33125 0.9453125 0.06328125 0.10625
1 0.36015625 0.93671875 0.0625 0.1078125
1 0.39140625 0.92890625 0.06484375 0.1046875
1 0.4234375 0.92109375 0.0625 0.10078125
1 0.45390625 0.9140625 0.0640625 0.10859375
1 0.48828125 0.9109375 0.06015625 0.1015625
1 0.5203125 0.903125 0.0578125 0.10390625
1 0.54765625 0.89609375 0.06484375 0.10546875
1 0.58125 0.890625 0.0578125 0.0984375
1 0.61328125 0.88359375 0.06015625 0.10234375
1 0.64453125 0.87421875 0.06171875 0.10390625
1 0.67734375 0.86796875 0.05625 0.1
1 0.65234375 0.7640625 0.0578125 0.1015625
1 0.68359375 0.7578125 0.0609375 0.10078125
1 0.715625 0.75078125 0.06484375 0.10390625
1 0.74765625 0.74453125 0.059375 0.10390625
1 0.78046875 0.734375 0.059375 0.103125
1 0.809375 0.7265625 0.06171875 0.10234375
1 0.8421875 0.72109375 0.059375 0.103125
1 0.87421875 0.71171875 0.05859375 0.09921875
1 0.90546875 0.70859375 0.06171875 0.09921875
1 0.9375 0.6984375 0.059375 0.1046875
1 0.96640625 0.68984375 0.06328125 0.10625
1 0.7109375 0.8640625 0.053125 0.09609375
1 0.73984375 0.8515625 0.0546875 0.09921875
1 0.771875 0.846875 0.05859375 0.10390625
1 0.8046875 0.840625 0.05546875 0.096875
1 0.834375 0.8328125 0.059375 0.10234375
1 0.86875 0.8265625 0.05703125 0.1
1 0.8984375 0.8171875 0.05546875 0.096875
1 0.9296875 0.81328125 0.05859375 0.10390625
1 0.9625 0.80234375 0.0609375 0.09375
1 0.98203125 0.79921875 0.0359375 0.1078125