0 0.0515625 0.346875 0.04609375 0.0953125
0 0.571875 0.5625 0.0515625 0.0953125
1 0.09453125 0.34296875 0.053125 0.09375
1 0.121875 0.3359375 0.05 0.09609375
1 0.153125 0.32734375 0.0484375 0.09453125
1 0.1859375 0.32109375 0.0546875 0.0953125
1 0.215625 0.3140625 0.05390625 0.096875
1 0.2453125 0.30390625 0.04921875 0.11328125
1 0.28046875 0.303125 0.05390625 0.103125
1 0.31328125 0.296875 0.059375 0.10390625
1 0.34375 0.28828125 0.06015625 0.1015625
1 0.375 0.2796875 0.05703125 0.096875
1 0.40625 0.271875 0.0609375 0.1
1 0.4359375 0.2640625 0.06328125 0.1015625
1 0.46875 0.2578125 0.0640625 0.10625
1 0.49921875 0.25 0.0640625 0.10703125
1 0.53125 0.24609375 0.06328125 0.1109375
1 0.5640625 0.23671875 0.065625 0.1109375
1 0.59453125 0.23046875 0.06484375 0.1078125
1 0.625 0.22109375 0.065625 0.1078125
1 0.65703125 0.21328125 0.06015625 0.10625
1 0.6859375 0.20625 0.065625 0.11484375
1 0.71953125 0.19765625 0.065625 0.11484375
1 0.7484375 0.1921875 0.06875 0.109375
1 0.7828125 0.18359375 0.059375 0.11875
1 0.81640625 0.1765625 0.0578125 0.11484375
1 0.8453125 0.16796875 0.0625 0.11328125
1 0.1890625 0.3359375 0.0609375 0.0578125
0 0.0609375 0.3453125 0.059375 0.0921875
0 0.57890625 0.55390625 0.05078125 0.0828125
1 0.84375 0.15859375 0.04765625 0.09921875
1 0.17109375 0.23984375 0.05625 0.0609375
1 0.840625 0.11953125 0.02734375 0.01953125
1 0.10625 0.5609375 0.04609375 0.09453125
1 0.140625 0.5515625 0.0515625 0.09921875
1 0.1703125 0.54375 0.0578125 0.1
1 0.2015625 0.5375 0.05546875 0.09765625
1 0.234375 0.53046875 0.0609375 0.09609375
1 0.26640625 0.521875 0.0546875 0.0984375
1 0.29921875 0.51328125 0.05859375 0.10078125
1 0.3265625 0.50703125 0.05390625 0.096875
1 0.35859375 0.49921875 0.05703125 0.096875
1 0.38828125 0.49140625 0.0609375 0.10234375
1 0.42265625 0.484375 0.05546875 0.09375
1 0.4546875 0.478125 0.06171875 0.0953125
1 0.4859375 0.47109375 0.0640625 0.10546875
1 0.5171875 0.4625 0.05703125 0.09375
1 0.54765625 0.4546875 0.05390625 0.10546875
1 0.125 0.6609375 0.06328125 0.10546875
1 0.16484375 0.65234375 0.0578125 0.103125
1 0.196875 0.6453125 0.05703125 0.10078125
1 0.2265625 0.63671875 0.0578125 0.10078125
1 0.2609375 0.62890625 0.059375 0.10078125
1 0.57890625 0.4484375 0.0546875 0.103125
1 0.2921875 0.625 0.0546875 0.096875
1 0.3234375 0.6140625 0.05390625 0.08828125
1 0.3546875 0.60859375 0.0546875 0.0953125
1 0.38046875 0.6015625 0.0609375 0.09765625
1 0.41875 0.59765625 0.05546875 0.09609375
1 0.446875 0.58984375 0.06328125 0.09375
1 0.4765625 0.584375 0.06171875 0.1
1 0.51015625 0.571875 0.05625 0.1
1 0.53828125 0.5671875 0.04609375 0.103125
1 0.6078125 0.55546875 0.0484375 0.09375
1 0.6359375 0.55 0.0515625 0.09296875
1 0.6671875 0.54296875 0.0546875 0.0953125
1 0.69921875 0.534375 0.0578125 0.10078125
1 0.73125 0.528125 0.059375 0.09765625
1 0.76171875 0.525 0.05625 0.10625
1 0.79296875 0.51640625 0.05703125 0.1
1 0.6125 0.446875 0.0546875 0.09375
1 0.64140625 0.43828125 0.0640625 0.0984375
1 0.6734375 0.43359375 0.05859375 0.09453125
1 0.7078125 0.425 0.05703125 0.096875
1 0.73828125 0.4203125 0.059375 0.09140625
1 0.76875 0.41171875 0.05703125 0.09296875
1 0.8015625 0.40625 0.05546875 0.0953125
1 0.83125 0.396875 0.05625 0.0921875
1 0.8625 0.3890625 0.0609375 0.0953125
1 0.89609375 0.38203125 0.05625 0.09921875
1 0.8265625 0.51015625 0.05703125 0.1
1 0.8546875 0.503125 0.059375 0.09609375
1 0.884375 0.49375 0.06484375 0.09765625
1 0.92265625 0.48828125 0.0640625 0.09765625
1 0.67734375 0.86796875 0.05703125 0.09921875
1 0.96875 0.696875 0.0609375 0.09609375
1 0.7484375 0.7484375 0.06015625 0.0984375
1 0.58046875 0.88671875 0.06015625 0.09453125
1 0.18203125 0.87890625 0.0578125 0.0984375
1 0.2140625 0.87109375 0.0609375 0.096875
1 0.24453125 0.86328125 0.06171875 0.09765625
1 0.275 0.85546875 0.0609375 0.10234375
1 0.20390625 0.96640625 0.05 0.0671875
1 0.23359375 0.95625 0.0546875 0.08203125
1 0.26640625 0.95390625 0.05234375 0.090625
1 0.30078125 0.95 0.053125 0.09375
1 0.30703125 0.84375 0.0578125 0.1015625
1 0.33046875 0.94375 0.0546875 0.1015625
1 0.3390625 0.83515625 0.06171875 0.09375
1 0.35859375 0.93359375 0.0640625 0.10546875
1 0.38984375 0.9296875 0.06328125 0.1
1 0.37109375 0.82734375 0.05390625 0.09375
1 0.39921875 0.82265625 0.0578125 0.09609375
1 0.43125 0.815625 0.06015625 0.09375
1 0.46328125 0.8109375 0.05859375 0.09140625
1 0.4953125 0.80390625 0.05703125 0.09375
1 0.5265625 0.79375 0.053125 0.09140625
1 0.559375 0.7890625 0.05234375 0.09375
1 0.58828125 0.78046875 0.0609375 0.09765625
1 0.42265625 0.92265625 0.05859375 0.0984375
1 0.4546875 0.9171875 0.06328125 0.10078125
1 0.48671875 0.9078125 0.05625 0.0953125
1 0.515625 0.9015625 0.059375 0.096875
1 0.55234375 0.8953125 0.0546875 0.09296875
1 0.61328125 0.8828125 0.0578125 0.1
1 0.64609375 0.87421875 0.06015625 0.09765625
1 0.6234375 0.7734375 0.05546875 0.09453125
1 0.65234375 0.7671875 0.0546875 0.09296875
1 0.68671875 0.76484375 0.0625 0.09296875
1 0.71796875 0.75625 0.05546875 0.09375
1 0.78046875 0.73984375 0.0609375 0.0953125
1 0.81171875 0.73359375 0.0609375 0.0953125
1 0.84296875 0.72578125 0.06015625 0.09609375
1 0.8734375 0.71796875 0.059375 0.09453125
1 0.90390625 0.71171875 0.05703125 0.0953125
1 0.9359375 0.703125 0.05703125 0.0984375
1 0.709375 0.86015625 0.0578125 0.1
1 0.740625 0.8515625 0.06171875 0.09609375
1 0.771875 0.8453125 0.0609375 0.096875
1 0.8046875 0.8421875 0.06171875 0.1
1 0.834375 0.834375 0.06015625 0.10234375
1 0.8671875 0.8296875 0.065625 0.1015625
1 0.8953125 0.81796875 0.06328125 0.1015625
1 0.92734375 0.80625 0.06015625 0.10859375
1 0.959375 0.80078125 0.0625 0.0921875
1 0.98046875 0.8 0.0390625 0.10546875