0 0.49296875 0.5671875 0.1078125 0.1203125
1 0.9125 0.26640625 0.1078125 0.121875
1 0.88515625 0.2796875 0.1171875 0.128125
1 0.95078125 0.37421875 0.0984375 0.1359375
1 0.92734375 0.390625 0.1140625 0.125
1 0.25390625 0.26953125 0.13125 0.14375
1 0.22265625 0.28984375 0.1328125 0.146875
1 0.5265625 0.5546875 0.1203125 0.13125
1 0.78046875 0.06328125 0.0984375 0.1171875
1 0.75390625 0.0703125 0.1203125 0.134375
1 0.725 0.08515625 0.1171875 0.1296875
1 0.6890625 0.09765625 0.1203125 0.1359375
1 0.65625 0.1109375 0.1328125 0.14375
1 0.6234375 0.11953125 0.1265625 0.1390625
1 0.59296875 0.13515625 0.134375 0.146875
1 0.55703125 0.15 0.1203125 0.134375
1 0.52421875 0.1625 0.128125 0.1421875
1 0.48984375 0.1765625 0.1296875 0.140625
1 0.45859375 0.18828125 0.1296875 0.1421875
1 0.4265625 0.20703125 0.1359375 0.15
1 0.39140625 0.21796875 0.125 0.1359375
1 0.35625 0.23046875 0.128125 0.1421875
1 0.321875 0.2375 0.13125 0.1453125
1 0.28828125 0.25625 0.128125 0.14375
1 0.18828125 0.30546875 0.1328125 0.1484375
1 0.1890625 0.30234375 0.134375 0.1484375
1 0.159375 0.31875 0.1390625 0.15625
1 0.1234375 0.328125 0.1375 0.1515625
1 0.09140625 0.340625 0.1390625 0.1515625
1 0.06328125 0.35703125 0.1265625 0.1546875
1 0.04609375 0.36796875 0.0921875 0.1515625
1 0.02421875 0.3859375 0.0484375 0.15625
1 0.85 0.29609375 0.1109375 0.1234375
1 0.81796875 0.30859375 0.109375 0.1203125
1 0.784375 0.325 0.1109375 0.121875
1 0.7515625 0.3375 0.1125 0.1234375
1 0.71640625 0.35 0.1171875 0.128125
1 0.68359375 0.36328125 0.1125 0.1234375
1 0.6515625 0.3765625 0.1125 0.1234375
1 0.61640625 0.39140625 0.1140625 0.1234375
1 0.8953125 0.40390625 0.1234375 0.1359375
1 0.86171875 0.41640625 0.121875 0.1328125
1 0.82578125 0.43203125 0.1203125 0.13125
1 0.79296875 0.44609375 0.121875 0.134375
1 0.76328125 0.45625 0.1265625 0.1359375
1 0.728125 0.47421875 0.1203125 0.13125
1 0.69375 0.4890625 0.1234375 0.134375
1 0.66171875 0.49765625 0.1203125 0.13125
1 0.625 0.51171875 0.1234375 0.1359375
1 0.5828125 0.4078125 0.1140625 0.125
1 0.55 0.42109375 0.109375 0.1203125
1 0.51796875 0.43671875 0.1140625 0.1234375
1 0.48203125 0.4484375 0.11875 0.128125
1 0.44921875 0.4609375 0.1203125 0.13125
1 0.4171875 0.475 0.121875 0.1328125
1 0.38359375 0.4890625 0.1203125 0.13125
1 0.3515625 0.503125 0.1171875 0.1296875
1 0.315625 0.51640625 0.11875 0.1296875
1 0.28203125 0.528125 0.11875 0.1296875
1 0.25078125 0.54296875 0.1140625 0.125
1 0.21640625 0.55625 0.1125 0.1234375
1 0.18203125 0.571875 0.11875 0.128125
1 0.14921875 0.5859375 0.1140625 0.125
1 0.1171875 0.59765625 0.1125 0.1234375
1 0.08125 0.61328125 0.1234375 0.134375
1 0.5953125 0.52578125 0.115625 0.125
1 0.56015625 0.5359375 0.121875 0.134375
1 0.42734375 0.5953125 0.11875 0.1296875
1 0.45625 0.60078125 0.0765625 0.090625
1 0.39140625 0.60546875 0.1125 0.121875
1 0.3609375 0.61875 0.1109375 0.121875
1 0.3265625 0.6375 0.1140625 0.125
1 0.290625 0.6484375 0.1125 0.1203125
1 0.25625 0.6609375 0.1171875 0.128125
1 0.22578125 0.6734375 0.1125 0.1234375
1 0.19375 0.68515625 0.1203125 0.13125
1 0.15625 0.6984375 0.1171875 0.128125
1 0.12265625 0.7140625 0.1234375 0.1328125
1 0.978125 0.6109375 0.04375 0.1375
1 0.96328125 0.628125 0.0734375 0.13125
1 0.9453125 0.640625 0.109375 0.13125
1 0.9171875 0.65234375 0.1203125 0.13125
1 0.88671875 0.66484375 0.1234375 0.134375
1 0.85234375 0.68125 0.11875 0.1296875
1 0.8203125 0.69609375 0.121875 0.1296875
1 0.78671875 0.7078125 0.1234375 0.1328125
1 0.75078125 0.72109375 0.1171875 0.1265625
1 0.71640625 0.73984375 0.1203125 0.13125
1 0.68046875 0.74765625 0.1234375 0.1359375
1 0.6515625 0.76171875 0.128125 0.1390625
1 0.61484375 0.77421875 0.11875 0.13125
1 0.584375 0.7890625 0.11875 0.13125
1 0.9859375 0.7109375 0.028125 0.0875
1 0.9671875 0.73046875 0.065625 0.0953125
1 0.9484375 0.746875 0.103125 0.10625
1 0.9203125 0.76171875 0.109375 0.1140625
1 0.8890625 0.778125 0.115625 0.121875
1 0.8578125 0.796875 0.1171875 0.125
1 0.8265625 0.8109375 0.1265625 0.1375
1 0.79453125 0.83359375 0.1203125 0.13125
1 0.76015625 0.846875 0.11875 0.1328125
1 0.73046875 0.85859375 0.1265625 0.1390625
1 0.69609375 0.875 0.115625 0.128125
1 0.6625 0.8890625 0.121875 0.1328125
1 0.62734375 0.9 0.1234375 0.134375
1 0.59375 0.915625 0.115625 0.128125
1 0.55 0.8046875 0.1171875 0.1296875
1 0.51796875 0.81875 0.1203125 0.13125
1 0.48359375 0.8328125 0.1265625 0.1375
1 0.45 0.84765625 0.1203125 0.1328125
1 0.41328125 0.859375 0.1203125 0.1328125
1 0.38203125 0.87109375 0.121875 0.1328125
1 0.3484375 0.88671875 0.1203125 0.1328125
1 0.3125 0.8984375 0.1171875 0.128125
1 0.28203125 0.915625 0.1203125 0.1296875
1 0.246875 0.92734375 0.121875 0.134375
1 0.22265625 0.93046875 0.1109375 0.1265625
1 0.56015625 0.93359375 0.109375 0.121875
1 0.52578125 0.93828125 0.1140625 0.1234375
1 0.49375 0.9453125 0.11875 0.109375
1 0.45859375 0.9546875 0.1140625 0.090625
1 0.42734375 0.95859375 0.1203125 0.0828125
1 0.39140625 0.96796875 0.1171875 0.0640625
1 0.35859375 0.97421875 0.1140625 0.0515625
1 0.32734375 0.98046875 0.1203125 0.0390625
1 0.29609375 0.9875 0.1046875 0.025