0 0.59453125 0.1953125 0.12578125 0.25390625
0 0.746875 0.1625 0.1296875 0.24609375
0 0.9359375 0.69296875 0.128125 0.2390625
0 0.5671875 0.778125 0.1296875 0.2546875
1 0.159375 0.29375 0.1671875 0.225
1 0.27578125 0.26640625 0.18046875 0.2484375
1 0.3734375 0.2453125 0.14453125 0.2515625
1 0.44375 0.228125 0.140625 0.27265625
1 0.5015625 0.2078125 0.14375 0.2640625
1 0.66796875 0.16484375 0.1328125 0.2359375
1 0.8328125 0.1359375 0.134375 0.2484375
1 0.91640625 0.13671875 0.1671875 0.2671875
1 0.2703125 0.84296875 0.1578125 0.2484375
1 0.3890625 0.81875 0.1640625 0.25
1 0.4765625 0.790625 0.1328125 0.26875
1 0.64453125 0.75234375 0.1171875 0.23515625
1 0.7109375 0.73984375 0.140625 0.26875
1 0.79296875 0.72578125 0.12890625 0.26484375
1 0.86015625 0.70625 0.1375 0.26875
1 0.109375 0.125 0.109375 0.0859375
1 0.21875 0.0984375 0.171875 0.10234375
1 0.3375 0.07734375 0.09765625 0.1109375
1 0.51875 0.95546875 0.096875 0.0890625
1 0.5953125 0.94375 0.10546875 0.0890625
1 0.68125 0.92265625 0.10546875 0.115625
1 0.75703125 0.90859375 0.115625 0.1046875
1 0.83125 0.89375 0.1375 0.1
1 0.9109375 0.884375 0.115625 0.11796875
0 0.36953125 0.971875 0.0765625 0.05625