0 0.5421875 0.8921875 0.2625 0.215625
0 0.42109375 0.8296875 0.2328125 0.2796875
0 0.94609375 0.56328125 0.1078125 0.2546875
0 0.7171875 0.29765625 0.265625 0.3078125
1 0.12265625 0.49296875 0.2453125 0.3140625
1 0.184375 0.58984375 0.2875 0.315625
1 0.253125 0.65703125 0.2796875 0.31875
1 0.30625 0.7203125 0.28125 0.321875
1 0.35625 0.7765625 0.2609375 0.3078125
1 0.48203125 0.86328125 0.2703125 0.2734375
1 0.6078125 0.9203125 0.271875 0.159375
1 0.65859375 0.94765625 0.2609375 0.1046875
1 0.49453125 0.13671875 0.2921875 0.2734375
1 0.5796875 0.1859375 0.3125 0.3484375
1 0.6578125 0.24453125 0.275 0.3171875
1 0.77890625 0.3671875 0.2578125 0.3046875
1 0.82109375 0.4140625 0.29375 0.334375
1 0.87109375 0.47578125 0.2578125 0.3265625
1 0.91015625 0.52421875 0.1796875 0.3046875
1 0.778125 0.134375 0.109375 0.1125
1 0.84453125 0.196875 0.1328125 0.1453125
1 0.9015625 0.2296875 0.1421875 0.1484375
1 0.940625 0.290625 0.11875 0.15625
1 0.9703125 0.346875 0.059375 0.15625
0 0.6265625 0.03671875 0.115625 0.0734375