0 0.60546875 0.91484375 0.2359375 0.1703125
0 0.45 0.86953125 0.221875 0.2609375
0 0.9671875 0.51875 0.065625 0.2625
0 0.69765625 0.275 0.26875 0.3390625
1 0.1015625 0.57109375 0.203125 0.3390625
1 0.15546875 0.665625 0.296875 0.3421875
1 0.23984375 0.73046875 0.284375 0.3484375
1 0.30546875 0.79140625 0.2859375 0.3515625
1 0.37265625 0.83515625 0.2515625 0.31875
1 0.53046875 0.88671875 0.2515625 0.2265625
1 0.69140625 0.940625 0.2453125 0.11875
1 0.72890625 0.96796875 0.1921875 0.0640625
1 0.42890625 0.13984375 0.2984375 0.2796875
1 0.5328125 0.18125 0.321875 0.3625
1 0.625 0.22578125 0.278125 0.3484375
1 0.775 0.34375 0.259375 0.3390625
1 0.8265625 0.38828125 0.2984375 0.36875
1 0.88046875 0.44609375 0.2390625 0.3578125
1 0.925 0.48828125 0.15 0.3296875
1 0.7375 0.0984375 0.10625 0.1015625
1 0.81875 0.1578125 0.128125 0.1375
1 0.88515625 0.18671875 0.140625 0.140625
1 0.9390625 0.234375 0.121875 0.165625
1 0.97578125 0.29140625 0.0484375 0.1640625
0 0.55703125 0.0203125 0.1171875 0.040625