0 0.75078125 0.1640625 0.13125 0.26953125
0 0.5953125 0.1921875 0.10859375 0.2515625
0 0.94296875 0.7046875 0.1140625 0.234375
0 0.56484375 0.78125 0.1375 0.265625
1 0.15703125 0.303125 0.1859375 0.2421875
1 0.2765625 0.2671875 0.17109375 0.253125
1 0.36875 0.24765625 0.1515625 0.26875
1 0.44453125 0.22265625 0.1515625 0.2734375
1 0.51484375 0.20234375 0.128125 0.271875
1 0.67265625 0.17890625 0.1390625 0.271875
1 0.83671875 0.14765625 0.146875 0.27265625
1 0.9 0.1296875 0.14921875 0.259375
1 0.2859375 0.82109375 0.16328125 0.27265625
1 0.3953125 0.8015625 0.17890625 0.2875
1 0.4890625 0.79375 0.14375 0.271875
1 0.6515625 0.75546875 0.12578125 0.2703125
1 0.71015625 0.7390625 0.1578125 0.284375
1 0.796875 0.72265625 0.16015625 0.2734375
1 0.87578125 0.715625 0.13984375 0.2609375
1 0.53203125 0.95234375 0.075 0.0921875
1 0.61875 0.93359375 0.078125 0.12109375
1 0.68125 0.93125 0.09375 0.11015625
1 0.759375 0.9109375 0.10546875 0.1125
1 0.8390625 0.89375 0.1078125 0.11015625
0 0.35078125 0.96484375 0.0953125 0.06640625