0 0.74609375 0.73125 0.2046875 0.33125
0 0.915625 0.7375 0.16875 0.321875
0 0.596875 0.10234375 0.19375 0.2046875
1 0.2046875 0.7046875 0.246875 0.3046875
1 0.34921875 0.71328125 0.26875 0.334375
1 0.4703125 0.71796875 0.2265625 0.3328125
1 0.55859375 0.7234375 0.2265625 0.35625
1 0.63203125 0.73515625 0.228125 0.346875
1 0.84140625 0.7515625 0.209375 0.3109375
1 0.96875 0.7578125 0.0625 0.3125
1 0.234375 0.10625 0.2125 0.1640625
1 0.3796875 0.0984375 0.225 0.196875
1 0.48828125 0.10859375 0.1953125 0.2171875
1 0.6921875 0.103125 0.18125 0.20625
1 0.775 0.11484375 0.215625 0.2296875
1 0.86328125 0.1125 0.1828125 0.225
1 0.903125 0.11875 0.1125 0.2375
1 0.18046875 0.9171875 0.1484375 0.1265625
1 0.315625 0.9234375 0.228125 0.153125
1 0.4625 0.925 0.140625 0.15