0 0.5484375 0.11875 0.234375 0.2375
0 0.41875 0.17578125 0.225 0.284375
0 0.9296875 0.496875 0.140625 0.309375
0 0.65234375 0.76484375 0.2421875 0.3109375
0 0.56015625 0.98984375 0.0984375 0.0203125
1 0.68671875 0.06796875 0.2390625 0.1359375
1 0.62734375 0.1 0.2546875 0.2
1 0.4828125 0.15 0.24375 0.3
1 0.35546875 0.240625 0.253125 0.3453125
1 0.28125 0.28359375 0.2671875 0.346875
1 0.22109375 0.3453125 0.2859375 0.3640625
1 0.14765625 0.40234375 0.278125 0.353125
1 0.1015625 0.47578125 0.203125 0.3765625
1 0.8953125 0.56484375 0.209375 0.3234375
1 0.84921875 0.6125 0.2359375 0.3015625
1 0.78359375 0.66328125 0.25 0.3171875
1 0.721875 0.70390625 0.253125 0.3171875
1 0.58359375 0.82421875 0.2421875 0.3078125
1 0.5046875 0.85625 0.26875 0.2875
1 0.4171875 0.8921875 0.26875 0.215625
1 0.96796875 0.69296875 0.0640625 0.1703125
1 0.934375 0.74765625 0.13125 0.1546875
1 0.8875 0.79140625 0.1421875 0.140625
1 0.78828125 0.85859375 0.15625 0.1421875
1 0.07109375 0.27734375 0.1421875 0.2046875
1 0.12578125 0.20546875 0.1453125 0.146875