0 0.6140625 0.82734375 0.2625 0.2921875
0 0.50546875 0.90234375 0.2609375 0.1953125
0 0.0734375 0.60859375 0.146875 0.2671875
0 0.27890625 0.31796875 0.2671875 0.2953125
1 0.890625 0.4765625 0.21875 0.29375
1 0.8390625 0.57109375 0.3046875 0.3203125
1 0.7703125 0.64921875 0.2765625 0.3015625
1 0.721875 0.70703125 0.2859375 0.3171875
1 0.68515625 0.759375 0.2828125 0.3109375
1 0.56953125 0.87890625 0.2578125 0.2421875
1 0.44140625 0.9390625 0.2515625 0.121875
1 0.37734375 0.95546875 0.2671875 0.0890625
1 0.48984375 0.1171875 0.2859375 0.234375
1 0.40546875 0.17421875 0.2921875 0.3125
1 0.34765625 0.2515625 0.278125 0.309375
1 0.22890625 0.3875 0.24375 0.271875
1 0.18125 0.43828125 0.284375 0.3125
1 0.12734375 0.5 0.2546875 0.303125
1 0.1078125 0.55703125 0.215625 0.3109375
1 0.94375 0.67890625 0.1125 0.1921875
1 0.89921875 0.7640625 0.1421875 0.14375
1 0.2140625 0.1421875 0.13125 0.128125
1 0.153125 0.1953125 0.14375 0.140625
1 0.09296875 0.265625 0.159375 0.1625
1 0.059375 0.3234375 0.11875 0.159375
1 0.0359375 0.3828125 0.071875 0.16875
0 0.3296875 0.03984375 0.09375 0.0796875