0 0.1125 0.40625 0.225 0.2875
0 0.22265625 0.315625 0.2484375 0.2734375
0 0.33125 0.903125 0.271875 0.19375
0 0.696875 0.7359375 0.26875 0.2984375
0 0.96015625 0.73671875 0.0796875 0.0890625
1 0.040625 0.49921875 0.08125 0.2984375
1 0.0796875 0.4625 0.159375 0.31875
1 0.1625 0.3625 0.2765625 0.3125
1 0.30546875 0.27734375 0.2875 0.3265625
1 0.37109375 0.22265625 0.296875 0.3328125
1 0.45 0.1875 0.3171875 0.35
1 0.52890625 0.15390625 0.3078125 0.3078125
1 0.6328125 0.12578125 0.340625 0.2515625
1 0.4171875 0.88125 0.28125 0.2375
1 0.48515625 0.86171875 0.2609375 0.2765625
1 0.55546875 0.825 0.2765625 0.3046875
1 0.615625 0.78046875 0.278125 0.30625
1 0.77578125 0.69140625 0.2671875 0.2953125
1 0.84609375 0.634375 0.2890625 0.309375
1 0.90078125 0.57734375 0.1984375 0.3140625
1 0.58046875 0.9625 0.1546875 0.075
1 0.640625 0.946875 0.14375 0.10625
1 0.73671875 0.8953125 0.153125 0.146875
1 0.45078125 0.04609375 0.2265625 0.0921875
1 0.35 0.0625 0.15 0.125