0 0.2484375 0.17578125 0.09765625 0.2890625
0 0.403125 0.184375 0.1 0.2703125
0 0.08515625 0.746875 0.1125 0.290625
0 0.50625 0.80546875 0.10234375 0.29765625
0 0.715625 0.97734375 0.0875 0.0453125
1 0.07578125 0.153125 0.096875 0.30625
1 0.153125 0.16953125 0.1 0.32734375
1 0.3265625 0.18203125 0.0828125 0.3328125
1 0.490625 0.20625 0.0828125 0.35078125
1 0.57578125 0.2046875 0.1046875 0.33984375
1 0.65859375 0.22734375 0.121875 0.35
1 0.75 0.23828125 0.12109375 0.3359375
1 0.87421875 0.24921875 0.16328125 0.3375
1 0.17734375 0.771875 0.10859375 0.309375
1 0.259375 0.7765625 0.09765625 0.290625
1 0.34140625 0.7859375 0.10859375 0.3015625
1 0.415625 0.78828125 0.1125 0.3
1 0.59453125 0.82109375 0.103125 0.29375
1 0.684375 0.81953125 0.1421875 0.28046875
1 0.7984375 0.8390625 0.1359375 0.2921875
1 0.0734375 0.93828125 0.11875 0.1140625
1 0.16015625 0.93203125 0.10546875 0.13359375
1 0.24921875 0.94140625 0.1046875 0.1171875
1 0.3203125 0.94921875 0.10546875 0.1015625
1 0.43828125 0.95546875 0.1265625 0.0890625
1 0.9171875 0.09375 0.103125 0.13671875
1 0.7875 0.0703125 0.1875 0.125
1 0.66875 0.05703125 0.103125 0.1140625