0 0.11796875 0.125 0.2203125 0.19140625
0 0.11796875 0.3265625 0.2203125 0.18359375
0 0.1125 0.5140625 0.221875 0.2
0 0.1171875 0.715625 0.2265625 0.2015625
0 0.13984375 0.89609375 0.2703125 0.2078125
0 0.6375 0.1078125 0.24375 0.21171875
0 0.8765625 0.1078125 0.2453125 0.21484375
0 0.88046875 0.315625 0.2390625 0.190625
0 0.8765625 0.5203125 0.24609375 0.196875
0 0.8796875 0.71953125 0.240625 0.1984375
0 0.87890625 0.9109375 0.2421875 0.178125
0 0.63125 0.51484375 0.22734375 0.21015625
0 0.63125 0.71875 0.2265625 0.1953125
0 0.62890625 0.90234375 0.234375 0.1953125
0 0.384375 0.5328125 0.1828125 0.375
1 0.6328125 0.31953125 0.2265625 0.1984375