0 0.64765625 0.9390625 0.3109375 0.121875
0 0.746875 0.8515625 0.303125 0.290625
0 0.8421875 0.67890625 0.296875 0.2875
0 0.89453125 0.4984375 0.2109375 0.290625
0 0.93125 0.32109375 0.1375 0.2890625
0 0.17421875 0.78828125 0.309375 0.28125
0 0.046875 0.678125 0.09375 0.25625
0 0.10625 0.49375 0.2125 0.30625
0 0.1578125 0.31328125 0.2953125 0.2921875
0 0.25625 0.13671875 0.29375 0.2734375
0 0.34296875 0.0484375 0.2828125 0.096875
0 0.371875 0.42109375 0.309375 0.290625
0 0.47421875 0.23203125 0.3125 0.2921875
0 0.56328125 0.10703125 0.3078125 0.2140625
0 0.60546875 0.53203125 0.328125 0.409375
1 0.275 0.6078125 0.33125 0.325