0 0.90625 0.846875 0.1875 0.21875
0 0.896875 0.6359375 0.20625 0.209375
0 0.890625 0.4390625 0.21875 0.228125
0 0.871875 0.23046875 0.2296875 0.2296875
0 0.83203125 0.08125 0.2765625 0.1625
0 0.3953125 0.8953125 0.271875 0.209375
0 0.15390625 0.90546875 0.2546875 0.1890625
0 0.13203125 0.71484375 0.246875 0.21875
0 0.121875 0.50078125 0.24375 0.2265625
0 0.11015625 0.29140625 0.2203125 0.2265625
0 0.1015625 0.11015625 0.203125 0.1703125
0 0.3640625 0.484375 0.2578125 0.240625
0 0.3453125 0.271875 0.2546875 0.225
0 0.3328125 0.09765625 0.259375 0.1890625
0 0.6203125 0.44296875 0.225 0.409375
1 0.3796875 0.68828125 0.2546875 0.228125