0 0.92578125 0.56484375 0.1484375 0.3109375
0 0.87109375 0.36171875 0.2578125 0.3078125
0 0.7640625 0.15234375 0.290625 0.3046875
0 0.640625 0.05625 0.296875 0.1125
0 0.28828125 0.91328125 0.2671875 0.1734375
0 0.16796875 0.7734375 0.259375 0.296875
0 0.0875 0.55859375 0.175 0.2921875
0 0.02578125 0.37109375 0.0515625 0.2578125
0 0.36484375 0.653125 0.36875 0.35
0 0.23828125 0.43203125 0.3734375 0.3515625
0 0.16015625 0.246875 0.3203125 0.325
0 0.62265625 0.4875 0.3984375 0.484375
1 0.4921875 0.8359375 0.396875 0.328125