0 0.12890625 0.13046875 0.234375 0.2140625
0 0.1234375 0.3296875 0.23046875 0.19453125
0 0.1171875 0.5171875 0.23046875 0.1953125
0 0.1203125 0.7125 0.225 0.1984375
0 0.12890625 0.89765625 0.25 0.184375
0 0.6359375 0.11015625 0.24140625 0.2078125
0 0.8828125 0.10625 0.234375 0.2015625
0 0.87890625 0.3234375 0.2421875 0.21875
0 0.875 0.51875 0.234375 0.2046875
0 0.87734375 0.7171875 0.2453125 0.19921875
0 0.88046875 0.903125 0.2390625 0.19375
0 0.63359375 0.52265625 0.2328125 0.190625
0 0.63203125 0.72734375 0.2375 0.1890625
0 0.62734375 0.90703125 0.2390625 0.1859375
0 0.3875 0.534375 0.165625 0.353125
1 0.63125 0.32265625 0.2390625 0.2234375