0 0.940625 0.69921875 0.11875 0.2765625
0 0.896875 0.496875 0.20625 0.26875
0 0.85 0.31015625 0.278125 0.284375
0 0.75625 0.1265625 0.284375 0.253125
0 0.6671875 0.04765625 0.30625 0.0953125
0 0.51640625 0.890625 0.3265625 0.21875
0 0.30234375 0.9421875 0.2796875 0.115625
0 0.2125 0.8296875 0.2734375 0.2734375
0 0.13359375 0.6234375 0.2671875 0.284375
0 0.0859375 0.42578125 0.171875 0.2828125
0 0.04296875 0.2625 0.0859375 0.20625
0 0.346875 0.53125 0.3203125 0.3109375
0 0.25703125 0.32734375 0.3125 0.2953125
0 0.19140625 0.171875 0.2953125 0.240625
0 0.5859375 0.403125 0.3484375 0.4546875
1 0.4328125 0.7265625 0.3140625 0.2984375