0 0.21796875 0.7125 0.2609375 0.3953125
0 0.35703125 0.7046875 0.234375 0.38125
0 0.48984375 0.72734375 0.2640625 0.3875
0 0.6140625 0.746875 0.2765625 0.4046875
0 0.75390625 0.75546875 0.2390625 0.3796875
0 0.88984375 0.76015625 0.2203125 0.3734375
0 0.9546875 0.76953125 0.090625 0.3109375
1 0.26171875 0.29921875 0.315625 0.45
1 0.39765625 0.30078125 0.3125 0.446875
1 0.53203125 0.30859375 0.3140625 0.4671875
1 0.671875 0.31796875 0.3375 0.4640625
1 0.8015625 0.35 0.3109375 0.4328125
1 0.8921875 0.35625 0.215625 0.428125