0 0.8421875 0.95390625 0.1125 0.0921875
0 0.68359375 0.909375 0.1890625 0.18125
0 0.29921875 0.86328125 0.184375 0.2203125
0 0.5125 0.709375 0.19375 0.328125
0 0.40625 0.6796875 0.2171875 0.321875
0 0.2109375 0.6421875 0.1984375 0.3375
0 0.11328125 0.61796875 0.1875 0.3
1 0.06171875 0.55234375 0.1234375 0.2765625
0 0.01484375 0.521875 0.0296875 0.26875
0 0.803125 0.2171875 0.19375 0.309375
0 0.696875 0.18125 0.203125 0.303125
0 0.5984375 0.1625 0.2140625 0.3234375
0 0.48046875 0.1390625 0.2203125 0.278125
0 0.36640625 0.1515625 0.2390625 0.303125
0 0.2703125 0.12578125 0.209375 0.2515625
0 0.15 0.13125 0.190625 0.2625
1 0.78203125 0.92421875 0.1921875 0.1515625
1 0.5875 0.8984375 0.2 0.203125
1 0.4921875 0.9015625 0.203125 0.196875
1 0.3984375 0.89765625 0.18125 0.2046875
1 0.1984375 0.86015625 0.1578125 0.16875
1 0.1234375 0.81875 0.1921875 0.2140625
1 0.06640625 0.778125 0.1328125 0.240625
1 0.89453125 0.7796875 0.1640625 0.3015625
1 0.821875 0.7453125 0.2265625 0.328125
1 0.7265625 0.70625 0.234375 0.321875
1 0.625 0.703125 0.2328125 0.3265625
1 0.31640625 0.6296875 0.209375 0.2953125
1 0.946875 0.2609375 0.10625 0.29375
1 0.896875 0.25234375 0.20625 0.3296875