0 0.28203125 0.7703125 0.259375 0.3890625
0 0.40703125 0.74453125 0.2515625 0.38125
0 0.54296875 0.7125 0.2546875 0.3859375
0 0.66328125 0.68671875 0.2625 0.4140625
0 0.7953125 0.6625 0.2515625 0.39375
0 0.89140625 0.63671875 0.2171875 0.4046875
0 0.9609375 0.6296875 0.078125 0.3875
1 0.2015625 0.38359375 0.3109375 0.4421875
1 0.33203125 0.36015625 0.30625 0.4390625
1 0.44921875 0.3421875 0.309375 0.4359375
1 0.57421875 0.3046875 0.30625 0.4484375
1 0.70390625 0.26875 0.3296875 0.471875
1 0.82578125 0.24921875 0.3109375 0.44375
1 0.890625 0.23046875 0.2125 0.4109375