0 0.140625 0.51328125 0.28125 0.3984375
0 0.240625 0.590625 0.3015625 0.378125
0 0.334375 0.66640625 0.3046875 0.378125
0 0.44765625 0.7484375 0.309375 0.3890625
0 0.55234375 0.81640625 0.3203125 0.3671875
0 0.65546875 0.8578125 0.3015625 0.284375
0 0.72734375 0.88828125 0.3078125 0.2234375
1 0.36875 0.21328125 0.39375 0.4265625
1 0.4796875 0.27578125 0.378125 0.440625
1 0.5875 0.353125 0.375 0.4453125
1 0.68828125 0.42265625 0.409375 0.484375
1 0.79453125 0.50625 0.384375 0.4578125
1 0.85859375 0.584375 0.2828125 0.43125
1 0.9109375 0.625 0.178125 0.4