0 0.21953125 0.3234375 0.1421875 0.3578125
0 0.35390625 0.31953125 0.1296875 0.3421875
0 0.46796875 0.303125 0.1359375 0.33984375
0 0.60078125 0.2921875 0.13203125 0.353125
0 0.72734375 0.27421875 0.14140625 0.3578125
0 0.8484375 0.2640625 0.1265625 0.3484375
0 0.94609375 0.23515625 0.1078125 0.3984375
1 0.265625 0.70625 0.19921875 0.396875
1 0.3953125 0.69375 0.19609375 0.371875
1 0.52109375 0.68359375 0.18671875 0.3828125
1 0.63828125 0.6765625 0.20625 0.41484375
1 0.76484375 0.659375 0.190625 0.39375
1 0.8890625 0.64609375 0.18046875 0.3703125
1 0.96328125 0.646875 0.0734375 0.4