0 0.13125 0.1078125 0.14375 0.215625
0 0.30859375 0.13359375 0.1328125 0.2546875
0 0.64765625 0.12890625 0.1375 0.24375
0 0.953125 0.165625 0.09375 0.2375
0 0.06015625 0.30390625 0.1109375 0.278125
0 0.490625 0.328125 0.1203125 0.2734375
0 0.58515625 0.33671875 0.14375 0.2625
0 0.75546875 0.3359375 0.1234375 0.28125
0 0.8421875 0.33984375 0.1203125 0.246875
1 0.91796875 0.3828125 0.1125 0.2265625
0 0.97421875 0.4015625 0.0515625 0.2375
1 0.05546875 0.809375 0.1109375 0.3
0 0.0078125 0.76953125 0.015625 0.2953125
0 0.32578125 0.81015625 0.1265625 0.2921875
0 0.41953125 0.83515625 0.1375 0.30625
0 0.50703125 0.82578125 0.1421875 0.30625
0 0.6109375 0.84453125 0.1515625 0.3046875
0 0.709375 0.821875 0.1578125 0.3390625
0 0.796875 0.83828125 0.1359375 0.31875
0 0.90546875 0.8046875 0.1203125 0.315625
0 0.9546875 0.82421875 0.0609375 0.2828125
1 0.221875 0.125 0.134375 0.25
1 0.3953125 0.13046875 0.14375 0.2609375
1 0.47734375 0.1203125 0.1546875 0.2375
1 0.55859375 0.1203125 0.1375 0.221875
1 0.73515625 0.11796875 0.121875 0.19375
1 0.80390625 0.14609375 0.1453125 0.2203125
1 0.88359375 0.1703125 0.140625 0.2375
1 0.13203125 0.33046875 0.1484375 0.2578125
1 0.22421875 0.3484375 0.15 0.2671875
1 0.31015625 0.36640625 0.159375 0.2578125
1 0.39609375 0.353125 0.15625 0.2640625
1 0.66875 0.3640625 0.1390625 0.2390625
1 0.1296875 0.82109375 0.1875 0.3078125
1 0.22578125 0.81484375 0.165625 0.3359375