0 0.15078125 0.50625 0.3015625 0.396875
0 0.27109375 0.5765625 0.2859375 0.3765625
0 0.36796875 0.64765625 0.290625 0.378125
0 0.484375 0.721875 0.29375 0.3890625
0 0.59140625 0.79921875 0.303125 0.396875
0 0.696875 0.83828125 0.2875 0.3234375
0 0.76953125 0.86640625 0.2890625 0.2671875
1 0.37890625 0.20390625 0.3765625 0.4078125
1 0.49140625 0.253125 0.3609375 0.4375
1 0.6015625 0.3234375 0.3578125 0.4421875
1 0.70625 0.3875 0.3921875 0.48125
1 0.8140625 0.46484375 0.365625 0.453125
1 0.87421875 0.5375 0.2515625 0.428125
1 0.92890625 0.571875 0.1421875 0.4