0 0.1125 0.1453125 0.1203125 0.23515625
0 0.28828125 0.17265625 0.10859375 0.2390625
0 0.61796875 0.1375 0.1140625 0.2328125
0 0.93828125 0.14765625 0.11796875 0.2203125
0 0.05546875 0.35859375 0.09921875 0.26484375
0 0.48125 0.3453125 0.09453125 0.2578125
0 0.57265625 0.3453125 0.11796875 0.2453125
0 0.7375 0.3296875 0.096875 0.265625
0 0.821875 0.32734375 0.096875 0.2328125
1 0.89921875 0.3625 0.0921875 0.2125
0 0.9703125 0.37578125 0.05859375 0.228125
1 0.08125 0.85 0.1265625 0.28203125
0 0.0234375 0.81640625 0.046875 0.2859375
0 0.36171875 0.8265625 0.0984375 0.27734375
0 0.4546875 0.8421875 0.109375 0.2890625
0 0.5390625 0.8265625 0.11328125 0.2890625
0 0.64140625 0.83515625 0.1234375 0.2875
0 0.73515625 0.8046875 0.12578125 0.3203125
0 0.8203125 0.81328125 0.10546875 0.3015625
0 0.92265625 0.77109375 0.0921875 0.3
0 0.97734375 0.78671875 0.0453125 0.2734375
1 0.20390625 0.16875 0.11015625 0.240625
1 0.371875 0.1578125 0.11796875 0.25390625
1 0.45078125 0.1453125 0.13203125 0.21953125
1 0.52890625 0.13828125 0.11640625 0.20625
1 0.7 0.121875 0.10234375 0.18046875
1 0.76875 0.1421875 0.12421875 0.203125
1 0.8484375 0.159375 0.11796875 0.2203125
1 0.134375 0.378125 0.12421875 0.24140625
1 0.225 0.38828125 0.125 0.24921875
1 0.309375 0.39765625 0.134375 0.240625
1 0.39140625 0.3765625 0.13125 0.24609375
1 0.65625 0.365625 0.1171875 0.22265625
1 0.175 0.85546875 0.1578125 0.2890625
1 0.265625 0.840625 0.134375 0.31875