0 0.221875 0.32890625 0.14765625 0.3484375
0 0.3453125 0.3125 0.13984375 0.34375
0 0.4796875 0.2984375 0.1421875 0.34765625
0 0.59921875 0.284375 0.13984375 0.378125
0 0.728125 0.26484375 0.1359375 0.3578125
0 0.84296875 0.2515625 0.13984375 0.3671875
0 0.953125 0.2234375 0.09375 0.36796875
1 0.2703125 0.709375 0.184375 0.390625
1 0.39765625 0.6890625 0.18125 0.38984375
1 0.5109375 0.66875 0.1859375 0.384375
1 0.6375 0.66328125 0.178125 0.4
1 0.76796875 0.65625 0.19453125 0.41796875
1 0.88671875 0.6359375 0.18359375 0.3921875
1 0.95546875 0.63203125 0.0890625 0.3921875