0 0.18828125 0.33671875 0.196875 0.36015625
0 0.325 0.31953125 0.17265625 0.35078125
0 0.45 0.275 0.2015625 0.3515625
0 0.5671875 0.234375 0.21171875 0.3671875
0 0.70078125 0.203125 0.17890625 0.34765625
0 0.8453125 0.171875 0.184375 0.34375
0 0.9359375 0.14609375 0.128125 0.2921875
1 0.3015625 0.72890625 0.24296875 0.40703125
1 0.4328125 0.70390625 0.24140625 0.4046875
1 0.5625 0.6734375 0.23828125 0.425
1 0.69609375 0.640625 0.2625 0.41796875
1 0.815625 0.5875 0.24140625 0.38984375
1 0.915625 0.56484375 0.16796875 0.39921875