0 0.325 0.05078125 0.0671875 0.1015625
0 0.3859375 0.05 0.0609375 0.1
0 0.45234375 0.05625 0.071875 0.10859375
0 0.7140625 0.05859375 0.071875 0.1171875
0 0.8390625 0.0609375 0.071875 0.12109375
0 0.90546875 0.065625 0.06875 0.13125
0 0.96953125 0.06171875 0.0578125 0.1234375
0 0.0140625 0.4640625 0.02734375 0.2484375
0 0.06015625 0.47578125 0.0734375 0.253125
0 0.5125 0.4828125 0.0765625 0.25
0 0.575 0.475 0.0765625 0.26171875
0 0.6390625 0.47578125 0.07265625 0.2515625
0 0.70390625 0.48203125 0.0703125 0.24609375
0 0.83515625 0.48515625 0.0734375 0.2453125
0 0.9046875 0.48203125 0.07421875 0.25078125
0 0.96796875 0.47578125 0.0640625 0.259375
0 0.11953125 0.71640625 0.06171875 0.24375
0 0.1890625 0.71875 0.0640625 0.2484375
0 0.24765625 0.71875 0.06796875 0.24609375
0 0.31484375 0.7234375 0.06015625 0.25703125
0 0.38046875 0.72109375 0.0703125 0.25546875
0 0.44609375 0.72421875 0.06953125 0.2546875
0 0.5078125 0.725 0.07578125 0.2515625
0 0.63671875 0.73125 0.06796875 0.2421875
0 0.70703125 0.734375 0.0828125 0.23828125
0 0.77578125 0.7390625 0.06796875 0.24140625
0 0.8390625 0.7375 0.08203125 0.25234375
0 0.90625 0.73359375 0.0828125 0.24453125
0 0.96953125 0.73203125 0.0609375 0.2359375
1 0.13046875 0.47578125 0.0765625 0.25
1 0.190625 0.47109375 0.078125 0.2625
1 0.24921875 0.47109375 0.08515625 0.2671875
1 0.321875 0.47890625 0.0859375 0.265625
1 0.38125 0.47578125 0.078125 0.26328125
1 0.44609375 0.478125 0.08359375 0.259375
1 0.7703125 0.48125 0.07890625 0.26328125
1 0.021875 0.71484375 0.04296875 0.2484375
1 0.0578125 0.7125 0.06953125 0.25
1 0.5734375 0.7265625 0.08203125 0.24765625
1 0.02578125 0.05546875 0.0515625 0.1109375
1 0.07109375 0.0640625 0.0828125 0.128125
1 0.13359375 0.059375 0.0828125 0.11875
1 0.19453125 0.05859375 0.0859375 0.1171875
1 0.25703125 0.059375 0.0796875 0.11875
1 0.51875 0.0578125 0.0734375 0.115625
1 0.58203125 0.0609375 0.0703125 0.121875
1 0.64296875 0.06015625 0.0796875 0.1203125
1 0.77109375 0.05859375 0.0765625 0.1171875