0 0.9828125 0.4546875 0.034375 0.309375
0 0.48359375 0.3828125 0.140625 0.3171875
0 0.40859375 0.3609375 0.1421875 0.33125
0 0.33125 0.35078125 0.1359375 0.3171875
0 0.25234375 0.3453125 0.1328125 0.3125
0 0.09296875 0.32421875 0.1359375 0.3109375
0 0.03984375 0.3109375 0.078125 0.3078125
0 0.91484375 0.74140625 0.121875 0.3078125
0 0.83046875 0.73125 0.125 0.3125
0 0.75859375 0.71953125 0.1296875 0.3109375
0 0.6765625 0.7125 0.1234375 0.3234375
0 0.59765625 0.696875 0.134375 0.3234375
0 0.51796875 0.68828125 0.1328125 0.321875
0 0.44296875 0.67734375 0.140625 0.31875
0 0.28515625 0.659375 0.1296875 0.30625
0 0.2 0.65 0.1453125 0.3046875
0 0.115625 0.6421875 0.128125 0.3046875
0 0.05703125 0.628125 0.1140625 0.321875
0 0.01640625 0.61484375 0.0328125 0.3015625
1 0.9390625 0.44765625 0.121875 0.3171875
1 0.87578125 0.43046875 0.14375 0.3328125
1 0.8046875 0.41875 0.153125 0.3390625
1 0.715625 0.41484375 0.1546875 0.3375
1 0.64375 0.4 0.1453125 0.334375
1 0.56484375 0.38984375 0.1515625 0.3296875
1 0.171875 0.33125 0.146875 0.334375
1 0.959375 0.74140625 0.065625 0.3046875
1 0.3625 0.66640625 0.146875 0.315625