0 0.7546875 0.08359375 0.084375 0.1078125
0 0.69296875 0.07265625 0.0765625 0.1046875
0 0.62265625 0.06796875 0.090625 0.1171875
0 0.353125 0.04609375 0.09375 0.0921875
0 0.225 0.0375 0.09375 0.075
0 0.15625 0.0359375 0.090625 0.071875
0 0.09609375 0.02734375 0.0640625 0.0546875
0 0.94921875 0.559375 0.1015625 0.271875
0 0.490625 0.49296875 0.11875 0.26875
0 0.428125 0.475 0.1203125 0.28125
0 0.3625 0.46640625 0.115625 0.26875
0 0.29453125 0.46171875 0.1125 0.2640625
0 0.16015625 0.44375 0.115625 0.2640625
0 0.0890625 0.42890625 0.1171875 0.26875
0 0.03984375 0.4125 0.0796875 0.275
0 0.85625 0.79765625 0.103125 0.2609375
0 0.78515625 0.78828125 0.10625 0.265625
0 0.72421875 0.778125 0.109375 0.2640625
0 0.6546875 0.771875 0.103125 0.2734375
0 0.5875 0.76015625 0.1140625 0.2734375
0 0.5203125 0.75234375 0.1125 0.2734375
0 0.45625 0.74296875 0.11875 0.2703125
0 0.3234375 0.728125 0.109375 0.259375
0 0.25078125 0.7203125 0.125 0.2578125
0 0.17890625 0.7140625 0.109375 0.259375
0 0.1140625 0.70234375 0.125 0.271875
0 0.05390625 0.68671875 0.1078125 0.2640625
0 0.015625 0.67578125 0.03125 0.2515625
1 0.884375 0.5484375 0.11875 0.26875
1 0.82265625 0.53359375 0.121875 0.28125
1 0.7625 0.52421875 0.13125 0.2875
1 0.6875 0.5203125 0.13125 0.2859375
1 0.6265625 0.50859375 0.1234375 0.2828125
1 0.56015625 0.49921875 0.128125 0.2796875
1 0.2265625 0.44921875 0.1234375 0.2828125
1 0.94609375 0.809375 0.0609375 0.2578125
1 0.92109375 0.803125 0.1109375 0.26875
1 0.3890625 0.734375 0.125 0.2671875
1 0.9796875 0.13828125 0.040625 0.1390625
1 0.94765625 0.12421875 0.103125 0.1296875
1 0.88515625 0.11328125 0.10625 0.128125
1 0.821875 0.103125 0.1 0.1265625
1 0.553125 0.0609375 0.09375 0.121875
1 0.4875 0.05859375 0.090625 0.1171875
1 0.425 0.053125 0.1 0.10625
1 0.29453125 0.04140625 0.0984375 0.0828125