1 0.62734375 0.0296875 0.096875 0.0453125
1 0.70078125 0.0390625 0.09375 0.0390625
1 0.77578125 0.05078125 0.0859375 0.0390625
1 0.9234375 0.0828125 0.084375 0.0546875
1 0.11171875 0.396875 0.128125 0.2984375
1 0.184375 0.40625 0.13125 0.3125
1 0.2578125 0.42109375 0.140625 0.3109375
1 0.33046875 0.43203125 0.1296875 0.3046875
1 0.4046875 0.44765625 0.14375 0.3140625
1 0.47734375 0.46015625 0.1359375 0.3109375
1 0.85859375 0.52734375 0.134375 0.3078125
1 0.025 0.66640625 0.05 0.3015625
1 0.5859375 0.775 0.1359375 0.303125
0 0.403125 0.0078125 0.084375 0.015625
0 0.5484375 0.01875 0.08125 0.0375
0 0.85234375 0.0671875 0.084375 0.046875
0 0.98125 0.0984375 0.0375 0.059375
0 0.04140625 0.38046875 0.0828125 0.2859375
0 0.5546875 0.47734375 0.096875 0.284375
0 0.63359375 0.4875 0.115625 0.290625
0 0.7078125 0.50078125 0.10625 0.29375
0 0.77421875 0.50859375 0.121875 0.2953125
0 0.93203125 0.5265625 0.1359375 0.31875
0 0.96484375 0.53828125 0.0703125 0.3046875
0 0.0546875 0.6796875 0.109375 0.290625
0 0.12578125 0.69296875 0.1421875 0.2875
0 0.20234375 0.70859375 0.125 0.290625
0 0.27421875 0.725 0.128125 0.3015625
0 0.3515625 0.7390625 0.128125 0.2875
0 0.42890625 0.7484375 0.1359375 0.29375
0 0.50703125 0.7609375 0.134375 0.2828125
0 0.6609375 0.78984375 0.1234375 0.284375
0 0.740625 0.803125 0.1109375 0.290625
0 0.81484375 0.81640625 0.1109375 0.290625
0 0.8875 0.82890625 0.134375 0.2890625
0 0.934375 0.8359375 0.0796875 0.2765625