1 0.0203125 0.05234375 0.040625 0.1046875
1 0.06640625 0.053125 0.0671875 0.10625
1 0.13125 0.05546875 0.078125 0.109375
1 0.19296875 0.0546875 0.0734375 0.10703125
1 0.25078125 0.05625 0.07265625 0.11171875
1 0.51484375 0.05625 0.0796875 0.11015625
1 0.5765625 0.0546875 0.07734375 0.10390625
1 0.63984375 0.0546875 0.07109375 0.1046875
1 0.76953125 0.0609375 0.065625 0.121875
1 0.1296875 0.47265625 0.07109375 0.24453125
1 0.1921875 0.47109375 0.071875 0.25625
1 0.25625 0.47421875 0.0796875 0.25390625
1 0.31796875 0.4734375 0.071875 0.24921875
1 0.38203125 0.4765625 0.08359375 0.25625
1 0.44375 0.47734375 0.07578125 0.2546875
1 0.77265625 0.48359375 0.075 0.25234375
1 0.0609375 0.715625 0.0703125 0.24921875
1 0.57734375 0.72578125 0.0765625 0.2484375
0 0.321875 0.05546875 0.06875 0.1109375
0 0.38203125 0.0515625 0.0609375 0.103125
0 0.44609375 0.0578125 0.065625 0.10625
0 0.7078125 0.0578125 0.065625 0.11484375
0 0.83828125 0.06640625 0.0671875 0.11796875
0 0.90234375 0.065625 0.0828125 0.13125
0 0.9734375 0.06796875 0.053125 0.12421875
0 0.0578125 0.46953125 0.0578125 0.2390625
0 0.51171875 0.48125 0.0453125 0.23671875
0 0.578125 0.4796875 0.06171875 0.23984375
0 0.64296875 0.48046875 0.053125 0.24375
0 0.69921875 0.47890625 0.065625 0.24296875
0 0.83515625 0.4734375 0.078125 0.2609375
0 0.8953125 0.478125 0.08359375 0.25546875
0 0.96484375 0.465625 0.0703125 0.26875
0 0.11796875 0.7171875 0.06015625 0.23984375
0 0.18203125 0.71875 0.08515625 0.2328125
0 0.24765625 0.721875 0.06953125 0.23828125
0 0.31015625 0.72578125 0.0703125 0.24765625
0 0.37578125 0.72734375 0.07265625 0.23515625
0 0.4421875 0.72421875 0.078125 0.23984375
0 0.50859375 0.72578125 0.0796875 0.2296875
0 0.64140625 0.72890625 0.06875 0.23359375
0 0.71015625 0.7296875 0.0578125 0.23984375
0 0.77421875 0.73046875 0.0578125 0.23984375
0 0.83671875 0.73125 0.07734375 0.2359375
0 0.90078125 0.7328125 0.07890625 0.23125
0 0.9625 0.7359375 0.075 0.234375