1 0.9890625 0.1015625 0.021875 0.078125
1 0.95546875 0.09296875 0.0890625 0.0765625
1 0.8921875 0.0859375 0.0890625 0.08125
1 0.6 0.04453125 0.0984375 0.08125
1 0.53125 0.034375 0.09375 0.06875
1 0.46171875 0.0296875 0.0859375 0.059375
1 0.315625 0.028125 0.084375 0.05625
1 0.953125 0.53828125 0.09375 0.2796875
1 0.8953125 0.528125 0.1203125 0.2953125
1 0.8234375 0.521875 0.128125 0.29375
1 0.75546875 0.51171875 0.11875 0.2875
1 0.68359375 0.50546875 0.1328125 0.296875
1 0.61484375 0.49609375 0.1234375 0.29375
1 0.25078125 0.4515625 0.1234375 0.290625
1 0.42890625 0.75 0.1234375 0.2859375
0 0.8140625 0.075 0.0859375 0.0796875
0 0.74609375 0.06015625 0.0765625 0.0703125
0 0.67578125 0.0546875 0.0828125 0.078125
0 0.384375 0.028125 0.084375 0.05625
0 0.23828125 0.02421875 0.0859375 0.0484375
0 0.16875 0.0234375 0.10625 0.046875
0 0.09453125 0.015625 0.0640625 0.03125
0 0.5390625 0.48984375 0.0875 0.26875
0 0.46640625 0.478125 0.1046875 0.275
0 0.39453125 0.46875 0.096875 0.278125
0 0.33203125 0.45859375 0.1109375 0.2796875
0 0.18203125 0.43125 0.1265625 0.3015625
0 0.11484375 0.4265625 0.1328125 0.296875
0 0.05 0.40234375 0.1 0.3078125
0 0.9328125 0.81171875 0.09375 0.275
0 0.86796875 0.80390625 0.13125 0.2703125
0 0.7953125 0.796875 0.1140625 0.275
0 0.725 0.7921875 0.1171875 0.284375
0 0.65078125 0.7828125 0.1171875 0.271875
0 0.57890625 0.76953125 0.1234375 0.278125
0 0.5046875 0.7609375 0.1234375 0.2671875
0 0.35703125 0.74375 0.1125 0.26875
0 0.28046875 0.734375 0.1015625 0.275
0 0.209375 0.725 0.1 0.275
0 0.140625 0.71640625 0.121875 0.2734375
0 0.06953125 0.7078125 0.1234375 0.26875
0 0.0296875 0.70234375 0.059375 0.2703125