0 0.146875 0.01796875 0.075 0.0359375
0 0.2234375 0.0203125 0.0625 0.040625
0 0.37890625 0.0390625 0.0890625 0.078125
0 0.46328125 0.05234375 0.0734375 0.1046875
0 0.5484375 0.05703125 0.071875 0.1140625
0 0.61796875 0.075 0.084375 0.13125
0 0.68515625 0.08828125 0.0828125 0.134375
0 0.7703125 0.0921875 0.06875 0.10625
0 0.85234375 0.11484375 0.0765625 0.1265625
1 0.91484375 0.134375 0.1171875 0.128125
0 0.96484375 0.13984375 0.0703125 0.1296875
0 0.9015625 0.33359375 0.0875 0.128125
0 0.96328125 0.3515625 0.0734375 0.1375
0 0.9921875 0.3671875 0.015625 0.1375
0 0.484375 0.26328125 0.0828125 0.1046875
0 0.57578125 0.27421875 0.08125 0.1046875
0 0.65390625 0.271875 0.0796875 0.1390625
0 0.67265625 0.42890625 0.115625 0.184375
0 0.74609375 0.309375 0.075 0.1203125
0 0.8203125 0.3046875 0.1140625 0.15
0 0.25546875 0.21484375 0.0953125 0.190625
0 0.06875 0.3078125 0.10625 0.16875
0 0.04765625 0.478125 0.0953125 0.128125
0 0.4953125 0.38828125 0.09375 0.1484375
0 0.57578125 0.4109375 0.1078125 0.1890625
0 0.83046875 0.47265625 0.1125 0.15625
0 0.93984375 0.49609375 0.1203125 0.1921875
0 0.90625 0.78359375 0.0890625 0.1484375
0 0.94453125 0.78984375 0.046875 0.134375
0 0.846875 0.9140625 0.128125 0.171875
0 0.9078125 0.91953125 0.075 0.1609375
0 0.81640625 0.74765625 0.096875 0.15
0 0.71640625 0.6875 0.1328125 0.1875
0 0.6234375 0.70390625 0.1078125 0.1734375
0 0.44375 0.7078125 0.11875 0.1734375
0 0.3421875 0.68046875 0.121875 0.19375
0 0.15703125 0.63671875 0.1109375 0.1828125
0 0.05703125 0.8109375 0.1140625 0.2
0 0.1453125 0.83359375 0.1296875 0.221875
0 0.25234375 0.8484375 0.128125 0.2140625
0 0.35703125 0.86796875 0.109375 0.2328125
0 0.45625 0.878125 0.1296875 0.2375
0 0.55078125 0.87421875 0.13125 0.225
0 0.6546875 0.89765625 0.1375 0.2046875
0 0.73984375 0.9140625 0.1140625 0.171875
1 0.2984375 0.04140625 0.121875 0.0828125
1 0.14375 0.21171875 0.14375 0.1765625
1 0.3265625 0.24765625 0.1375 0.165625
1 0.4 0.26953125 0.153125 0.1703125
1 0.15625 0.365625 0.1328125 0.1578125
1 0.23515625 0.375 0.146875 0.1671875
1 0.3265625 0.3890625 0.1515625 0.175
1 0.4078125 0.41328125 0.1640625 0.1734375
1 0.753125 0.4609375 0.1390625 0.165625
1 0.9703125 0.50859375 0.059375 0.1515625
1 0.525 0.67890625 0.1296875 0.1546875
1 0.2390625 0.65625 0.13125 0.15
1 0.059375 0.63515625 0.11875 0.1640625