0 0.01484375 0.06796875 0.0296875 0.1328125
0 0.121875 0.1328125 0.15703125 0.12109375
0 0.0765625 0.06328125 0.06328125 0.0984375
0 0.1578125 0.06015625 0.06640625 0.1203125
1 0.2296875 0.07734375 0.075 0.12578125
0 0.31171875 0.06640625 0.0796875 0.12890625
0 0.396875 0.06953125 0.06328125 0.12421875
0 0.46796875 0.0609375 0.05390625 0.11796875
0 0.54375 0.05703125 0.0609375 0.08671875
0 0.61796875 0.06953125 0.0734375 0.1390625
0 0.68671875 0.06796875 0.065625 0.128125
0 0.75859375 0.08671875 0.05546875 0.13125
1 0.83515625 0.09296875 0.10234375 0.1078125
0 0.9 0.06953125 0.0703125 0.1203125
0 0.97109375 0.07890625 0.0578125 0.1078125
0 0.5453125 0.1609375 0.15234375 0.090625
0 0.98203125 0.3015625 0.0359375 0.146875
0 0.85859375 0.2828125 0.0734375 0.1203125
0 0.92734375 0.275 0.0734375 0.1203125
0 0.7765625 0.27265625 0.0953125 0.14765625
0 0.69140625 0.2828125 0.0859375 0.1171875
0 0.45 0.28046875 0.07109375 0.1046875
0 0.528125 0.28046875 0.071875 0.10078125
0 0.6 0.25625 0.046875 0.11328125
0 0.225 0.2703125 0.06328125 0.16484375
0 0.05703125 0.3953125 0.090625 0.19609375
0 0.47890625 0.403125 0.07890625 0.13359375
0 0.565625 0.41796875 0.06953125 0.125
0 0.6515625 0.41015625 0.084375 0.16015625
0 0.81484375 0.42265625 0.08671875 0.15
0 0.9046875 0.4234375 0.1140625 0.17890625
0 0.9296875 0.696875 0.09375 0.11328125
0 0.98515625 0.7046875 0.0296875 0.146875
0 0.840625 0.7 0.10234375 0.1390625
0 0.65546875 0.6875 0.103125 0.15625
0 0.478125 0.7015625 0.08515625 0.14453125
0 0.3796875 0.71171875 0.0953125 0.1625
0 0.1921875 0.69453125 0.08671875 0.159375
0 0.11953125 0.88984375 0.09453125 0.20625
0 0.2203125 0.878125 0.09296875 0.225
0 0.321875 0.88984375 0.1015625 0.2125
0 0.42578125 0.89921875 0.0703125 0.2015625
0 0.51640625 0.8640625 0.06875 0.184375
0 0.6125 0.86875 0.10078125 0.20625
0 0.7125 0.8671875 0.078125 0.1796875
0 0.8078125 0.8875 0.1 0.1921875
0 0.89375 0.86328125 0.084375 0.17578125
0 0.97421875 0.87265625 0.0515625 0.2140625
1 0.11484375 0.2984375 0.11015625 0.14140625
1 0.28828125 0.30703125 0.0953125 0.13203125
1 0.365625 0.3109375 0.1171875 0.1328125
1 0.140625 0.42890625 0.1015625 0.13359375
1 0.22578125 0.4328125 0.11015625 0.1546875
1 0.30859375 0.4328125 0.11328125 0.14140625
1 0.3953125 0.43671875 0.1203125 0.14140625
1 0.7390625 0.43125 0.10859375 0.1484375
1 0.96328125 0.428125 0.0734375 0.1484375
1 0.0859375 0.7046875 0.1328125 0.1453125
1 0.284375 0.71328125 0.11796875 0.128125
1 0.5625 0.70703125 0.109375 0.11328125
1 0.7453125 0.70859375 0.115625 0.1359375