1 0.2359375 0.0890625 0.096875 0.11640625
0 0.7671875 0.07890625 0.07734375 0.14140625
1 0.83984375 0.1046875 0.09375 0.1046875
1 0.2953125 0.3203125 0.109375 0.14453125
1 0.13125 0.32109375 0.140625 0.14921875
1 0.36796875 0.31015625 0.121875 0.1515625
1 0.13984375 0.4390625 0.11640625 0.159375
1 0.22734375 0.42578125 0.1203125 0.15625
1 0.3109375 0.43515625 0.1484375 0.1609375
1 0.396875 0.43515625 0.14453125 0.14921875
1 0.740625 0.43203125 0.109375 0.1515625
0 0.89609375 0.43046875 0.08125 0.1703125
1 0.9703125 0.41015625 0.05859375 0.1015625
1 0.0875 0.70390625 0.12578125 0.146875
1 0.2796875 0.709375 0.12109375 0.14765625
1 0.5609375 0.69375 0.11640625 0.13203125
0 0.01875 0.06171875 0.0375 0.1234375
0 0.071875 0.06484375 0.06171875 0.12578125
0 0.14921875 0.065625 0.06328125 0.128125
0 0.309375 0.0640625 0.059375 0.1125
0 0.3921875 0.065625 0.059375 0.13125
0 0.46953125 0.07421875 0.0609375 0.13671875
0 0.54296875 0.08125 0.0546875 0.13203125
0 0.6140625 0.06953125 0.0484375 0.11875
0 0.6875 0.08046875 0.0625 0.153125
0 0.9 0.078125 0.05859375 0.11328125
0 0.96640625 0.084375 0.0671875 0.134375
0 0.21953125 0.278125 0.0484375 0.1453125
0 0.05546875 0.3953125 0.071875 0.2015625
0 0.4421875 0.275 0.0765625 0.09296875
0 0.48359375 0.403125 0.05390625 0.1265625
0 0.52890625 0.28125 0.065625 0.11328125
0 0.5640625 0.41875 0.078125 0.134375
0 0.61171875 0.27265625 0.059375 0.13203125
0 0.646875 0.409375 0.0828125 0.175
0 0.6984375 0.28828125 0.065625 0.11640625
0 0.7765625 0.2765625 0.0796875 0.1265625
0 0.8234375 0.42109375 0.06953125 0.13984375
0 0.853125 0.27578125 0.06953125 0.12578125
0 0.9265625 0.28046875 0.071875 0.1203125
0 0.98203125 0.27734375 0.0359375 0.1421875
0 0.96953125 0.55234375 0.0609375 0.1734375
0 0.93203125 0.7 0.07890625 0.11875
0 0.98203125 0.703125 0.0359375 0.11875
0 0.83671875 0.69375 0.0875 0.13359375
0 0.746875 0.69375 0.0828125 0.14453125
0 0.6515625 0.6875 0.084375 0.14453125
0 0.47734375 0.7125 0.0921875 0.14375
0 0.38125 0.71015625 0.07890625 0.1671875
0 0.1953125 0.69609375 0.078125 0.1625
0 0.12578125 0.884375 0.0765625 0.19140625
0 0.21796875 0.884375 0.065625 0.1953125
0 0.3203125 0.87421875 0.078125 0.20625
0 0.4203125 0.896875 0.084375 0.20625
0 0.5203125 0.88359375 0.0796875 0.1890625
0 0.60390625 0.865625 0.08671875 0.19921875
0 0.7 0.87578125 0.1140625 0.2078125
0 0.80546875 0.8703125 0.075 0.18671875
0 0.8921875 0.87734375 0.10546875 0.1921875
0 0.97421875 0.865625 0.0515625 0.203125