0 0.959375 0.6625 0.08125 0.19375
1 0.96796875 0.55390625 0.0640625 0.2109375
1 0.8859375 0.42265625 0.2078125 0.2125
1 0.83359375 0.36796875 0.221875 0.2234375
1 0.39375 0.18046875 0.2296875 0.2328125
1 0.90546875 0.6453125 0.1890625 0.240625
1 0.8484375 0.58125 0.23125 0.234375
1 0.775 0.515625 0.228125 0.2296875
1 0.70234375 0.446875 0.2328125 0.2359375
0 0.27265625 0.07109375 0.1765625 0.1421875
1 0.3375 0.5625 0.2 0.2015625
1 0.5796875 0.7828125 0.21875 0.21875
1 0.7171875 0.92421875 0.16875 0.1515625
1 0.1703125 0.41640625 0.2 0.2015625
0 0.94453125 0.46015625 0.1109375 0.1953125
0 0.78046875 0.2765625 0.14375 0.146875
0 0.70078125 0.2109375 0.1546875 0.159375
0 0.64609375 0.1375 0.134375 0.1390625
0 0.6421875 0.36015625 0.153125 0.15625
0 0.5609375 0.2953125 0.1609375 0.1640625
0 0.50390625 0.23125 0.2 0.20625
0 0.55078125 0.09140625 0.153125 0.15625
0 0.49921875 0.04921875 0.1671875 0.0984375
0 0.328125 0.10546875 0.1875 0.19375
0 0.49296875 0.4078125 0.228125 0.225
0 0.68125 0.84765625 0.1953125 0.203125
0 0.503125 0.703125 0.2109375 0.21875
0 0.41953125 0.6359375 0.2109375 0.215625
0 0.2703125 0.471875 0.1859375 0.1921875
0 0.10390625 0.32578125 0.2046875 0.2109375
0 0.04453125 0.2890625 0.0890625 0.13125
0 0.04765625 0.52265625 0.0953125 0.2265625
0 0.09609375 0.58515625 0.1921875 0.2328125
0 0.16484375 0.6609375 0.2296875 0.240625
0 0.2265625 0.74921875 0.196875 0.2046875
0 0.40859375 0.890625 0.2140625 0.21875
0 0.3171875 0.83359375 0.20625 0.2171875
0 0.49453125 0.93046875 0.2234375 0.1390625
0 0.57890625 0.97578125 0.2265625 0.0484375