1 0.87109375 0.84609375 0.153125 0.165625
1 0.1890625 0.94765625 0.15 0.1046875
0 0.9546875 0.475 0.090625 0.290625
1 0.93125 0.56328125 0.1375 0.2015625
1 0.74921875 0.60703125 0.146875 0.19375
1 0.66875 0.63203125 0.153125 0.1859375
1 0.8890625 0.43359375 0.171875 0.2046875
1 0.79140625 0.45859375 0.184375 0.2109375
1 0.69453125 0.48125 0.1953125 0.20625
1 0.5890625 0.50625 0.18125 0.2078125
1 0.21796875 0.5875 0.1734375 0.190625
0 0.0609375 0.65 0.121875 0.2265625
1 0.8640625 0.11015625 0.1546875 0.20625
1 0.65078125 0.17578125 0.1703125 0.2125
1 0.35546875 0.24921875 0.184375 0.178125
0 0.95546875 0.85078125 0.0890625 0.1234375
0 0.78984375 0.884375 0.1234375 0.1390625
0 0.7109375 0.89765625 0.1375 0.1515625
0 0.6109375 0.9171875 0.1375 0.1578125
0 0.5171875 0.93125 0.125 0.1375
0 0.43671875 0.934375 0.1328125 0.13125
0 0.36171875 0.9421875 0.1453125 0.115625
0 0.271875 0.9578125 0.115625 0.084375
0 0.146875 0.9734375 0.10625 0.053125
0 0.85 0.63515625 0.125 0.1890625
0 0.58203125 0.6921875 0.14375 0.16875
0 0.51796875 0.54765625 0.165625 0.2
0 0.48125 0.71875 0.1328125 0.171875
0 0.41171875 0.5703125 0.1453125 0.203125
0 0.32109375 0.60078125 0.134375 0.21875
0 0.11328125 0.6328125 0.15625 0.2203125
0 0.76171875 0.1671875 0.1609375 0.215625
0 0.8 0.0296875 0.146875 0.059375
0 0.68125 0.05234375 0.15625 0.1046875
0 0.58203125 0.06015625 0.1671875 0.1203125
0 0.45625 0.05703125 0.1375 0.1140625
0 0.3515625 0.09140625 0.15625 0.1625
0 0.25625 0.12109375 0.1765625 0.18125
0 0.1453125 0.14453125 0.1734375 0.1765625
0 0.06328125 0.16328125 0.1265625 0.1671875
0 0.44609375 0.21328125 0.140625 0.19375
0 0.55546875 0.196875 0.16875 0.2390625
0 0.2515625 0.28203125 0.15 0.203125
0 0.14453125 0.309375 0.165625 0.234375
0 0.0640625 0.33125 0.128125 0.209375
0 0.00859375 0.34140625 0.0171875 0.1765625
0 0.40703125 0.75859375 0.1390625 0.1875
0 0.3125 0.74921875 0.1484375 0.18125
0 0.2203125 0.78515625 0.15 0.20625
0 0.1296875 0.81640625 0.15625 0.1734375
0 0.0765625 0.81796875 0.0671875 0.16875