1 0.88046875 0.15546875 0.146875 0.128125
1 0.9109375 0.425 0.178125 0.2
1 0.721875 0.3640625 0.1578125 0.1984375
1 0.64375 0.31875 0.1984375 0.2109375
1 0.85078125 0.5578125 0.175 0.1921875
1 0.7453125 0.5265625 0.203125 0.2234375
1 0.66171875 0.48515625 0.1984375 0.2203125
1 0.5625 0.4421875 0.2 0.221875
1 0.17734375 0.309375 0.1875 0.203125
1 0.790625 0.8953125 0.1984375 0.196875
1 0.58203125 0.8 0.1640625 0.16875
1 0.26875 0.67578125 0.171875 0.178125
1 0.08046875 0.6140625 0.1609375 0.2125
0 0.9546875 0.17734375 0.090625 0.1046875
0 0.784375 0.1171875 0.121875 0.1140625
0 0.7 0.08515625 0.125 0.1125
0 0.61875 0.05625 0.128125 0.1125
0 0.53046875 0.040625 0.1453125 0.08125
0 0.4453125 0.028125 0.134375 0.05625
0 0.36328125 0.0125 0.1421875 0.025
0 0.93125 0.525 0.1375 0.2625
0 0.83359375 0.334375 0.15625 0.2296875
0 0.56953125 0.25390625 0.1671875 0.190625
0 0.475 0.2046875 0.15 0.190625
0 0.403125 0.1546875 0.1421875 0.1828125
0 0.48046875 0.3875 0.140625 0.1765625
0 0.378125 0.36484375 0.1453125 0.1921875
0 0.29921875 0.325 0.1578125 0.20625
0 0.10078125 0.26484375 0.14375 0.1953125
0 0.140625 0.09453125 0.0890625 0.140625
0 0.28828125 0.16640625 0.128125 0.159375
0 0.2046875 0.115625 0.1484375 0.1765625
0 0.68671875 0.825 0.159375 0.21875
0 0.7015625 0.965625 0.159375 0.06875
0 0.603125 0.9453125 0.15625 0.109375
0 0.48984375 0.9171875 0.1671875 0.165625
0 0.46953125 0.76796875 0.1671875 0.2453125
0 0.365625 0.73359375 0.159375 0.19375
0 0.35859375 0.91171875 0.1390625 0.15625
0 0.26015625 0.865625 0.1359375 0.1703125
0 0.159375 0.81875 0.1578125 0.1953125
0 0.06015625 0.7765625 0.1203125 0.19375
0 0.1625 0.6375 0.178125 0.228125
0 0.02265625 0.57109375 0.0453125 0.1953125