0 0.04765625 0.05859375 0.0578125 0.1171875
0 0.1015625 0.05859375 0.115625 0.1171875
0 0.19296875 0.06796875 0.1046875 0.1359375
0 0.36015625 0.06796875 0.1015625 0.1359375
0 0.45390625 0.07109375 0.0984375 0.1421875
0 0.53203125 0.071875 0.1046875 0.14375
0 0.61875 0.07109375 0.1015625 0.1359375
0 0.7 0.08359375 0.128125 0.153125
0 0.77265625 0.0796875 0.109375 0.1359375
0 0.8625 0.08984375 0.1015625 0.146875
0 0.98125 0.09609375 0.0375 0.1453125
0 0.240625 0.2796875 0.103125 0.190625
0 0.06171875 0.39140625 0.1140625 0.234375
0 0.52421875 0.44453125 0.1265625 0.16875
0 0.503125 0.2953125 0.11875 0.146875
0 0.61875 0.4484375 0.1234375 0.16875
0 0.58671875 0.28046875 0.1 0.159375
0 0.6796875 0.284375 0.1078125 0.175
0 0.71640625 0.44609375 0.11875 0.203125
0 0.7734375 0.3171875 0.0984375 0.1546875
0 0.86640625 0.28984375 0.1234375 0.178125
0 0.94609375 0.30078125 0.1078125 0.1453125
0 0.9875 0.315625 0.025 0.153125
0 0.9046875 0.45859375 0.128125 0.178125
0 0.96953125 0.471875 0.0609375 0.1875
0 0.1921875 0.7328125 0.1078125 0.2015625
0 0.39609375 0.75234375 0.121875 0.2203125
0 0.49921875 0.7578125 0.1453125 0.1984375
0 0.703125 0.746875 0.1453125 0.203125
0 0.909375 0.76875 0.1390625 0.190625
0 0.96796875 0.76640625 0.0453125 0.15
0 0.09921875 0.90078125 0.1390625 0.1640625
0 0.20859375 0.90390625 0.115625 0.1671875
0 0.33125 0.91171875 0.1359375 0.165625
0 0.4359375 0.925 0.15 0.15
0 0.54921875 0.9234375 0.1171875 0.153125
0 0.653125 0.9125 0.1375 0.175
0 0.75078125 0.915625 0.1390625 0.16875
0 0.86328125 0.928125 0.1484375 0.14375
0 0.93203125 0.9203125 0.0984375 0.159375
1 0.26875 0.0625 0.10625 0.125
1 0.9390625 0.109375 0.109375 0.165625
1 0.1328125 0.31171875 0.1421875 0.153125
1 0.32265625 0.31484375 0.1171875 0.1828125
1 0.40546875 0.3203125 0.13125 0.1484375
1 0.15078125 0.44453125 0.1328125 0.1890625
1 0.24921875 0.4421875 0.1625 0.1859375
1 0.33828125 0.4609375 0.1609375 0.1859375
1 0.44296875 0.4578125 0.153125 0.19375
1 0.8125 0.4796875 0.146875 0.1953125
1 0.0828125 0.765625 0.15625 0.175
1 0.29609375 0.76171875 0.13125 0.1703125
1 0.5984375 0.7734375 0.14375 0.171875
1 0.80859375 0.775 0.1375 0.1953125