0 0.93203125 0.25703125 0.1359375 0.1484375
0 0.85625 0.2125 0.1515625 0.1609375
0 0.7859375 0.16328125 0.1265625 0.1421875
0 0.7 0.1109375 0.1375 0.1515625
0 0.628125 0.071875 0.134375 0.14375
0 0.55625 0.04375 0.128125 0.0875
0 0.48046875 0.02265625 0.1390625 0.0453125
0 0.90703125 0.5078125 0.1859375 0.225
0 0.55078125 0.48046875 0.175 0.19375
0 0.6578125 0.371875 0.1546875 0.165625
0 0.4609375 0.42265625 0.1609375 0.175
0 0.590625 0.31171875 0.1296875 0.146875
0 0.5140625 0.2453125 0.1359375 0.1515625
0 0.37890625 0.3609375 0.1796875 0.2
0 0.409375 0.2078125 0.146875 0.1640625
0 0.33984375 0.14921875 0.1703125 0.1796875
0 0.26640625 0.10234375 0.1375 0.15
0 0.2109375 0.0609375 0.096875 0.121875
0 0.19453125 0.275 0.178125 0.1953125
0 0.12421875 0.22109375 0.1578125 0.19375
0 0.29453125 0.5421875 0.2140625 0.1984375
0 0.6578125 0.92265625 0.1875 0.1546875
0 0.44296875 0.96484375 0.1296875 0.0703125
0 0.33046875 0.94140625 0.1078125 0.10625
0 0.240625 0.875 0.13125 0.128125
0 0.4625 0.84375 0.203125 0.23125
0 0.371875 0.78203125 0.16875 0.1828125
0 0.15546875 0.80703125 0.15 0.15