0 0.2609375 0.06796875 0.078125 0.0734375
0 0.575 0.046875 0.1625 0.09375
0 0.646875 0.03515625 0.178125 0.0703125
0 0.303125 0.25390625 0.1515625 0.1546875
0 0.36640625 0.18515625 0.1359375 0.14375
0 0.453125 0.14375 0.1484375 0.1546875
0 0.50625 0.0796875 0.178125 0.159375
0 0.2265625 0.315625 0.1609375 0.1671875
0 0.0546875 0.50234375 0.109375 0.1671875
0 0.04375 0.6765625 0.0875 0.184375
0 0.34609375 0.40390625 0.1609375 0.16875
0 0.43359375 0.35 0.16875 0.175
0 0.51171875 0.2859375 0.1890625 0.196875
0 0.65703125 0.165625 0.1859375 0.196875
0 0.7390625 0.103125 0.209375 0.20625
0 0.93359375 0.32421875 0.1328125 0.1640625
0 0.871875 0.38359375 0.1609375 0.1671875
0 0.71484375 0.51796875 0.1953125 0.2015625
0 0.5796875 0.675 0.1640625 0.171875
0 0.4953125 0.74140625 0.1953125 0.203125
0 0.31484375 0.859375 0.2078125 0.2171875
0 0.48515625 0.94765625 0.2140625 0.1046875
0 0.54765625 0.9125 0.1984375 0.175
0 0.6640625 0.86640625 0.21875 0.2296875
0 0.7390625 0.78359375 0.2125 0.225
0 0.80625 0.70390625 0.1984375 0.209375
0 0.88828125 0.6375 0.2171875 0.2296875
0 0.93515625 0.5671875 0.1296875 0.215625
0 0.9671875 0.49140625 0.065625 0.2453125
0 0.00703125 0.4609375 0.0140625 0.021875
1 0.028125 0.56953125 0.05625 0.1859375
1 0.11640625 0.46171875 0.184375 0.190625
1 0.1703125 0.39609375 0.215625 0.2203125
1 0.090625 0.6765625 0.18125 0.2125
1 0.159375 0.615625 0.19375 0.196875
1 0.2234375 0.55546875 0.2015625 0.2046875
1 0.3046875 0.4921875 0.209375 0.2125
1 0.5921875 0.23671875 0.1953125 0.2
1 0.77421875 0.078125 0.1296875 0.14375
1 0.26640625 0.92890625 0.1578125 0.1421875
1 0.4015625 0.81015625 0.20625 0.209375
1 0.634375 0.5890625 0.2015625 0.20625
1 0.78671875 0.45234375 0.2109375 0.2171875