0 0.98203125 0.64296875 0.0359375 0.1015625
0 0.24921875 0.92578125 0.1734375 0.1484375
1 0.3484375 0.9390625 0.196875 0.121875
1 0.48203125 0.84296875 0.1953125 0.196875
1 0.53671875 0.796875 0.2078125 0.2078125
1 0.740625 0.39921875 0.215625 0.2171875
1 0.27109375 0.86953125 0.2234375 0.225
1 0.3375 0.796875 0.21875 0.21875
1 0.40234375 0.7328125 0.2140625 0.2140625
1 0.471875 0.66953125 0.21875 0.2203125
0 0.884375 0.2796875 0.196875 0.2
1 0.91328125 0.2328125 0.1234375 0.1265625
1 0.38671875 0.32265625 0.1875 0.1875
1 0.16640625 0.53359375 0.2046875 0.2046875
1 0.04765625 0.653125 0.0953125 0.1625
1 0.534375 0.17578125 0.1875 0.1890625
0 0.65625 0.9765625 0.096875 0.046875
0 0.71796875 0.93671875 0.1015625 0.1015625
0 0.78046875 0.87265625 0.1 0.1
0 0.83984375 0.81171875 0.103125 0.103125
0 0.9 0.7578125 0.096875 0.096875
0 0.95 0.70546875 0.1 0.1109375
0 0.440625 0.9203125 0.178125 0.159375
0 0.62578125 0.75390625 0.1359375 0.1359375
0 0.6921875 0.684375 0.1453125 0.146875
0 0.76484375 0.6375 0.128125 0.1296875
0 0.55625 0.61953125 0.1453125 0.1453125
0 0.62265625 0.54765625 0.1515625 0.153125
0 0.68515625 0.49921875 0.1890625 0.190625
0 0.81328125 0.5515625 0.14375 0.1453125
0 0.8890625 0.5078125 0.1578125 0.1578125
0 0.93828125 0.4453125 0.1234375 0.15625
0 0.97109375 0.3765625 0.0578125 0.14375
0 0.9890625 0.3359375 0.021875 0.103125
0 0.8140625 0.34296875 0.1765625 0.178125
0 0.521875 0.47734375 0.2125 0.2125
0 0.1 0.62421875 0.184375 0.1875
0 0.24609375 0.4671875 0.2 0.2015625
0 0.31328125 0.39453125 0.1984375 0.2
0 0.47578125 0.265625 0.1765625 0.178125
0 0.6234375 0.11953125 0.19375 0.1953125
0 0.6828125 0.05546875 0.159375 0.1109375
0 0.446875 0.05078125 0.20625 0.1015625
0 0.38125 0.09453125 0.2125 0.1890625
0 0.3078125 0.15546875 0.21875 0.221875
0 0.22109375 0.20703125 0.1859375 0.1890625
0 0.08828125 0.3671875 0.1765625 0.20625
0 0.13828125 0.28984375 0.1921875 0.1953125
0 0.0484375 0.44453125 0.096875 0.2140625