1 0.03515625 0.6265625 0.0703125 0.1625
1 0.08046875 0.37890625 0.1609375 0.1921875
1 0.20625 0.4984375 0.1734375 0.1765625
1 0.25390625 0.5609375 0.2 0.2015625
1 0.16796875 0.29453125 0.178125 0.1796875
1 0.2421875 0.35703125 0.2078125 0.209375
1 0.296875 0.41953125 0.2046875 0.20625
1 0.3625 0.4890625 0.20625 0.2078125
1 0.63125 0.73125 0.190625 0.190625
0 0.75546875 0.86171875 0.1875 0.190625
1 0.79609375 0.8890625 0.115625 0.1203125
1 0.33359375 0.06796875 0.1890625 0.1359375
1 0.47109375 0.190625 0.1625 0.1625
1 0.68359375 0.4 0.171875 0.171875
1 0.828125 0.5203125 0.196875 0.1984375
0 0.06328125 0.690625 0.1265625 0.14375
0 0.11328125 0.74765625 0.1421875 0.14375
0 0.16953125 0.79921875 0.1453125 0.1453125
0 0.2296875 0.85625 0.15625 0.15625
0 0.290625 0.9078125 0.15 0.1515625
0 0.3453125 0.94140625 0.15625 0.1171875
0 0.3984375 0.9671875 0.15 0.065625
0 0.08828125 0.2875 0.1765625 0.2125
0 0.10390625 0.4828125 0.1859375 0.190625
0 0.290625 0.640625 0.1734375 0.1765625
0 0.35234375 0.71328125 0.165625 0.16875
0 0.39375 0.77890625 0.1578125 0.1609375
0 0.4109375 0.5625 0.153125 0.15625
0 0.4875 0.61640625 0.1640625 0.1671875
0 0.5375 0.6765625 0.1765625 0.1796875
0 0.68515625 0.79609375 0.1703125 0.1734375
0 0.60390625 0.93125 0.1421875 0.1375
0 0.67265625 0.9625 0.1203125 0.075
0 0.70625 0.9765625 0.09375 0.046875
0 0.4921875 0.80859375 0.1390625 0.1421875
0 0.5421875 0.8796875 0.1578125 0.159375
0 0.39375 0.13359375 0.184375 0.1875
0 0.47578125 0.02421875 0.2171875 0.0484375
0 0.54296875 0.0578125 0.2171875 0.115625
0 0.61953125 0.10078125 0.2296875 0.2015625
0 0.55078125 0.2546875 0.1984375 0.2046875
0 0.625 0.31953125 0.171875 0.175
0 0.71796875 0.14921875 0.1953125 0.2
0 0.7828125 0.22109375 0.1984375 0.2046875
0 0.840625 0.303125 0.20625 0.2109375
0 0.909375 0.37578125 0.18125 0.2109375
0 0.75703125 0.46875 0.196875 0.2
0 0.89609375 0.5984375 0.18125 0.184375
0 0.93984375 0.66328125 0.1203125 0.1671875
0 0.971875 0.6859375 0.05625 0.125
0 0.95 0.434375 0.1 0.2125