0 0.09140625 0.015625 0.0671875 0.03125
0 0.17109375 0.015625 0.0546875 0.03125
0 0.3375 0.02734375 0.08125 0.0546875
0 0.42734375 0.0375 0.0640625 0.075
0 0.5171875 0.0390625 0.0625 0.078125
0 0.5921875 0.05078125 0.075 0.0953125
0 0.6640625 0.05859375 0.0734375 0.096875
0 0.75234375 0.05390625 0.059375 0.071875
0 0.8421875 0.07109375 0.0671875 0.090625
1 0.90859375 0.0796875 0.1109375 0.1
0 0.965625 0.08359375 0.06875 0.0953125
0 0.9140625 0.27578125 0.0828125 0.1296875
0 0.9734375 0.28671875 0.053125 0.1390625
0 0.471875 0.24140625 0.0796875 0.1046875
0 0.56796875 0.24375 0.0765625 0.10625
0 0.64921875 0.23359375 0.0734375 0.1421875
0 0.684375 0.396875 0.10625 0.1890625
0 0.74921875 0.26484375 0.06875 0.1234375
0 0.8265625 0.25390625 0.1078125 0.15
0 0.2265625 0.2109375 0.084375 0.196875
0 0.04765625 0.325 0.0828125 0.16875
0 0.03984375 0.50703125 0.0796875 0.1265625
0 0.49375 0.3703125 0.0875 0.15
0 0.58125 0.3875 0.0984375 0.1953125
0 0.85234375 0.428125 0.10625 0.1578125
0 0.95703125 0.4421875 0.0859375 0.19375
0 0.953125 0.7453125 0.065625 0.15
0 0.91171875 0.90078125 0.1171875 0.1984375
0 0.86328125 0.71796875 0.090625 0.153125
0 0.753125 0.66328125 0.125 0.1890625
0 0.6578125 0.6890625 0.0984375 0.1765625
0 0.46875 0.7109375 0.1109375 0.175
0 0.3609375 0.690625 0.1125 0.196875
0 0.1625 0.6625 0.1015625 0.1875
0 0.06796875 0.8546875 0.1171875 0.203125
0 0.16875 0.86484375 0.11875 0.2234375
0 0.28203125 0.875 0.1171875 0.21875
0 0.39375 0.8796875 0.09375 0.23125
0 0.496875 0.88203125 0.115625 0.2359375
0 0.596875 0.87421875 0.11875 0.23125
0 0.709375 0.8921875 0.125 0.215625
0 0.79921875 0.90546875 0.1046875 0.1890625
1 0.25078125 0.0328125 0.1140625 0.065625
1 0.11015625 0.21875 0.1390625 0.178125
1 0.30390625 0.2390625 0.1328125 0.165625
1 0.384375 0.25546875 0.1484375 0.16875
1 0.1375 0.378125 0.128125 0.159375
1 0.22109375 0.38046875 0.1421875 0.165625
1 0.31875 0.38671875 0.146875 0.1734375
1 0.4046875 0.4046875 0.1609375 0.171875
1 0.77109375 0.4234375 0.1328125 0.165625
1 0.98984375 0.4515625 0.0203125 0.153125
1 0.5515625 0.67265625 0.125 0.1546875
1 0.25078125 0.67421875 0.128125 0.15
1 0.05859375 0.671875 0.1171875 0.159375