0 0.01484375 0.0609375 0.0296875 0.11875
0 0.07265625 0.0609375 0.0609375 0.121875
0 0.159375 0.0703125 0.06171875 0.1015625
1 0.23515625 0.07578125 0.0921875 0.1140625
0 0.309375 0.065625 0.0671875 0.1265625
0 0.390625 0.06875 0.05859375 0.11328125
0 0.4671875 0.065625 0.0671875 0.13125
0 0.54453125 0.07109375 0.0578125 0.1265625
0 0.61640625 0.07734375 0.0640625 0.13203125
0 0.69453125 0.0734375 0.05625 0.128125
0 0.76875 0.08125 0.0640625 0.1203125
1 0.83515625 0.0828125 0.08671875 0.1203125
0 0.89765625 0.0734375 0.0765625 0.12421875
0 0.9734375 0.075 0.053125 0.134375
0 0.85859375 0.2703125 0.0765625 0.13125
0 0.928125 0.2921875 0.0859375 0.146875
0 0.98515625 0.28515625 0.0296875 0.1234375
0 0.53671875 0.275 0.08125 0.109375
0 0.61796875 0.26640625 0.0515625 0.1234375
0 0.7 0.28984375 0.0671875 0.121875
0 0.778125 0.2703125 0.0875 0.1375
0 0.45 0.271875 0.075 0.1296875
0 0.2109375 0.28359375 0.0703125 0.13359375
0 0.06328125 0.384375 0.0828125 0.19921875
0 0.478125 0.4 0.0734375 0.1328125
0 0.5671875 0.41484375 0.0765625 0.1390625
0 0.65625 0.4171875 0.08203125 0.159375
0 0.8234375 0.42109375 0.071875 0.1671875
0 0.9171875 0.4265625 0.10078125 0.16484375
0 0.93046875 0.69609375 0.0921875 0.121875
0 0.98515625 0.70625 0.0296875 0.14375
0 0.8390625 0.690625 0.06953125 0.1359375
0 0.65703125 0.6890625 0.0953125 0.15234375
0 0.47734375 0.715625 0.07109375 0.1375
0 0.38203125 0.71015625 0.09296875 0.15546875
0 0.19375 0.68515625 0.08671875 0.17890625
0 0.13046875 0.8796875 0.07734375 0.184375
0 0.221875 0.8828125 0.0765625 0.19921875
0 0.309375 0.8671875 0.07890625 0.17578125
0 0.42265625 0.89140625 0.08671875 0.19375
0 0.5203125 0.8796875 0.07890625 0.19375
0 0.6109375 0.865625 0.07734375 0.1765625
0 0.70390625 0.86875 0.0828125 0.1953125
0 0.7984375 0.8703125 0.06640625 0.19375
0 0.896875 0.86640625 0.1015625 0.1984375
0 0.978125 0.86015625 0.04296875 0.18046875
0 0.2171875 0.240625 0.003125 0.0234375
1 0.1203125 0.29140625 0.1078125 0.13984375
1 0.2921875 0.30546875 0.0875 0.146875
1 0.365625 0.29375 0.11640625 0.15546875
1 0.13984375 0.428125 0.11796875 0.1484375
1 0.23125 0.43359375 0.1078125 0.13671875
1 0.30859375 0.43046875 0.11328125 0.13984375
1 0.4 0.4359375 0.11796875 0.14453125
1 0.7390625 0.43125 0.1046875 0.14140625
1 0.96875 0.4328125 0.0625 0.1421875
1 0.0890625 0.71328125 0.1109375 0.14375
1 0.28046875 0.70234375 0.1140625 0.1453125
1 0.56328125 0.690625 0.1046875 0.15
1 0.74296875 0.6875 0.1078125 0.16015625