0 0.015625 0.0578125 0.025 0.115625
0 0.07734375 0.06171875 0.05625 0.1234375
0 0.1515625 0.0640625 0.04609375 0.1015625
0 0.30625 0.06328125 0.0703125 0.11796875
0 0.38984375 0.06953125 0.053125 0.13203125
0 0.4734375 0.0671875 0.0515625 0.12578125
0 0.54296875 0.0796875 0.0625 0.125
0 0.6109375 0.07734375 0.06171875 0.1359375
0 0.69140625 0.0734375 0.05078125 0.096875
0 0.775 0.0765625 0.0546875 0.12578125
1 0.83671875 0.0890625 0.0953125 0.11015625
0 0.8953125 0.08515625 0.06875 0.115625
0 0.96875 0.0734375 0.0625 0.1265625
0 0.8578125 0.28203125 0.06640625 0.115625
0 0.93359375 0.2875 0.078125 0.121875
0 0.97734375 0.29609375 0.0453125 0.1296875
0 0.446875 0.2859375 0.065625 0.090625
0 0.5359375 0.28046875 0.06328125 0.09296875
0 0.61015625 0.26484375 0.05625 0.1265625
0 0.65546875 0.4125 0.084375 0.16796875
0 0.7046875 0.28515625 0.0546875 0.109375
0 0.775 0.26875 0.0890625 0.13203125
0 0.21875 0.278125 0.0625 0.1765625
0 0.05625 0.3984375 0.078125 0.15234375
0 0.0546875 0.5671875 0.09765625 0.11015625
0 0.478125 0.403125 0.06953125 0.13359375
0 0.559375 0.4109375 0.0765625 0.1734375
0 0.8125 0.42734375 0.0859375 0.13984375
0 0.9234375 0.43125 0.0890625 0.175
0 0.93828125 0.71171875 0.0640625 0.134375
0 0.9828125 0.7125 0.034375 0.128125
0 0.90703125 0.86796875 0.090625 0.196875
0 0.97421875 0.86640625 0.0515625 0.2015625
0 0.84609375 0.69296875 0.07109375 0.1359375
0 0.740625 0.6515625 0.1015625 0.1671875
0 0.6546875 0.684375 0.078125 0.15703125
0 0.4828125 0.71796875 0.08984375 0.15546875
0 0.38125 0.709375 0.08984375 0.17578125
0 0.19609375 0.6984375 0.0796875 0.1671875
0 0.12421875 0.88359375 0.09296875 0.18046875
0 0.21796875 0.88828125 0.09296875 0.20234375
0 0.3234375 0.884375 0.0921875 0.1953125
0 0.42734375 0.8859375 0.06953125 0.2171875
0 0.5234375 0.878125 0.08984375 0.21796875
0 0.6125 0.85859375 0.09296875 0.20625
0 0.71953125 0.87421875 0.0984375 0.20625
0 0.80390625 0.88046875 0.0796875 0.18671875
1 0.22734375 0.078125 0.10078125 0.12109375
1 0.1125 0.29375 0.115625 0.1546875
1 0.2921875 0.296875 0.11015625 0.14453125
1 0.3671875 0.30625 0.125 0.1453125
1 0.15 0.4390625 0.10625 0.1375
1 0.22734375 0.434375 0.1203125 0.14375
1 0.3171875 0.4328125 0.1234375 0.15
1 0.3984375 0.4421875 0.13671875 0.14765625
1 0.7375 0.4296875 0.1109375 0.14453125
1 0.96875 0.4375 0.0625 0.140625
1 0.55546875 0.6765625 0.1046875 0.134375
1 0.278125 0.70234375 0.1078125 0.1296875
1 0.08359375 0.71796875 0.13359375 0.1390625