0 0.2828125 0.978125 0.109375 0.04375
0 0.45078125 0.95546875 0.1046875 0.0890625
0 0.5265625 0.940625 0.115625 0.11875
0 0.60390625 0.93203125 0.090625 0.125
0 0.690625 0.90546875 0.1 0.1328125
0 0.7625 0.88359375 0.0953125 0.1359375
0 0.84140625 0.865625 0.0921875 0.1296875
0 0.9171875 0.84453125 0.1015625 0.1328125
0 0.96875 0.8265625 0.0625 0.13125
0 0.296875 0.8046875 0.1296875 0.2015625
0 0.0921875 0.72421875 0.1484375 0.2328125
0 0.53125 0.58125 0.1265625 0.16875
0 0.540625 0.71796875 0.1171875 0.1390625
0 0.62578125 0.55625 0.1203125 0.1484375
0 0.621875 0.71015625 0.0921875 0.1296875
0 0.7109375 0.69921875 0.096875 0.13125
0 0.715625 0.53828125 0.1296875 0.175
0 0.8 0.6515625 0.10625 0.1421875
0 0.88125 0.63984375 0.1296875 0.15
0 0.953125 0.61953125 0.09375 0.1296875
0 0.88515625 0.4671875 0.1296875 0.1671875
0 0.95546875 0.45078125 0.0890625 0.1828125
0 0.6453125 0.37265625 0.18125 0.1484375
0 0.14921875 0.3671875 0.128125 0.1984375
0 0.04453125 0.203125 0.0890625 0.196875
0 0.1265625 0.17578125 0.1328125 0.196875
0 0.2375 0.15078125 0.1265625 0.203125
0 0.34375 0.109375 0.1125 0.1765625
0 0.4421875 0.09296875 0.13125 0.1859375
0 0.3421875 0.303125 0.1421875 0.203125
0 0.4375 0.2796875 0.125 0.15625
0 0.53984375 0.0890625 0.1421875 0.178125