0 0.9890625 0.746875 0.021875 0.0875
0 0.9484375 0.778125 0.103125 0.10625
1 0.87578125 0.79921875 0.1234375 0.1359375
0 0.809375 0.83828125 0.1328125 0.1390625
0 0.73046875 0.875 0.1234375 0.140625
0 0.6609375 0.91015625 0.1234375 0.1453125
0 0.5890625 0.9234375 0.13125 0.153125
0 0.52265625 0.9421875 0.1390625 0.115625
0 0.44765625 0.940625 0.1796875 0.11875
0 0.38203125 0.959375 0.1671875 0.08125
1 0.3 0.96875 0.159375 0.0625
0 0.2609375 0.98046875 0.128125 0.0390625
0 0.9390625 0.46171875 0.121875 0.2578125
0 0.8515625 0.64140625 0.15625 0.2109375
0 0.5421875 0.59375 0.15 0.178125
0 0.46171875 0.6125 0.1609375 0.19375
0 0.38359375 0.64765625 0.16875 0.209375
0 0.2046875 0.68984375 0.1640625 0.2015625
0 0.1171875 0.7171875 0.184375 0.215625
0 0.62109375 0.715625 0.1390625 0.153125
0 0.5546875 0.753125 0.14375 0.175
0 0.48203125 0.79140625 0.1546875 0.175
0 0.371875 0.77734375 0.184375 0.234375
0 0.29375 0.83046875 0.1609375 0.196875
0 0.2125 0.85703125 0.1484375 0.1640625
0 0.15859375 0.859375 0.1265625 0.1671875
0 0.74921875 0.2171875 0.175 0.2125
0 0.5640625 0.27578125 0.1875 0.228125
0 0.45859375 0.3 0.1734375 0.20625
0 0.28515625 0.37265625 0.171875 0.2
0 0.19453125 0.403125 0.1734375 0.2046875
0 0.09375 0.4296875 0.171875 0.2015625
0 0.03515625 0.45625 0.0703125 0.14375
0 0.74140625 0.06328125 0.1640625 0.1265625
0 0.6421875 0.08203125 0.175 0.1640625
0 0.55234375 0.1015625 0.1796875 0.203125
0 0.4375 0.10859375 0.18125 0.2171875
0 0.353125 0.1375 0.1796875 0.2296875
0 0.27265625 0.1875 0.184375 0.2375
0 0.19375 0.2296875 0.178125 0.2171875
0 0.0875 0.26015625 0.175 0.2078125
0 0.03828125 0.29765625 0.0765625 0.1859375
1 0.91953125 0.5671875 0.1609375 0.190625
1 0.7515625 0.62421875 0.153125 0.1796875
1 0.6921875 0.65703125 0.1640625 0.1859375
1 0.8625 0.4640625 0.1640625 0.1875
1 0.7765625 0.484375 0.18125 0.203125
1 0.70234375 0.52109375 0.16875 0.190625
1 0.6171875 0.5390625 0.175 0.2015625
1 0.29140625 0.6515625 0.146875 0.171875
1 0.67421875 0.27109375 0.1671875 0.2171875
1 0.840625 0.19296875 0.1875 0.2234375
1 0.3875 0.34453125 0.1828125 0.2015625