0 0.015625 0.765625 0.03125 0.0875
0 0.05625 0.79375 0.1125 0.10625
1 0.134375 0.81171875 0.1203125 0.1359375
0 0.2015625 0.8484375 0.1296875 0.1375
0 0.28046875 0.88203125 0.121875 0.140625
0 0.3515625 0.91328125 0.121875 0.1453125
0 0.42421875 0.92421875 0.1265625 0.1515625
0 0.48984375 0.94140625 0.1359375 0.1171875
0 0.565625 0.93828125 0.175 0.1234375
0 0.63125 0.95546875 0.1625 0.0890625
1 0.7140625 0.9640625 0.153125 0.071875
0 0.75546875 0.97421875 0.1265625 0.0515625
0 0.059375 0.48046875 0.11875 0.2578125
0 0.15390625 0.65234375 0.15 0.2125
0 0.459375 0.59609375 0.1453125 0.1765625
0 0.540625 0.61171875 0.15625 0.19375
0 0.61875 0.64375 0.1640625 0.209375
0 0.79765625 0.67890625 0.159375 0.2015625
0 0.8859375 0.703125 0.1796875 0.2125
0 0.38515625 0.71953125 0.1359375 0.1515625
0 0.453125 0.75390625 0.140625 0.175
0 0.52578125 0.78984375 0.1515625 0.1734375
0 0.63515625 0.771875 0.1796875 0.234375
0 0.7140625 0.82109375 0.15625 0.1953125
0 0.79609375 0.8453125 0.1453125 0.1625
0 0.85234375 0.846875 0.125 0.16875
0 0.24140625 0.22890625 0.1703125 0.2109375
0 0.4265625 0.2796875 0.1828125 0.2265625
0 0.53125 0.3 0.16875 0.2046875
0 0.70703125 0.3671875 0.16875 0.1984375
0 0.79765625 0.39375 0.16875 0.2015625
0 0.8984375 0.41640625 0.1671875 0.2
0 0.96171875 0.43984375 0.0765625 0.1421875
0 0.23984375 0.06953125 0.1578125 0.1390625
0 0.3390625 0.08671875 0.16875 0.1734375
0 0.43046875 0.10390625 0.1734375 0.2078125
0 0.5453125 0.10859375 0.175 0.2171875
0 0.63125 0.13515625 0.1734375 0.228125
0 0.7125 0.18203125 0.1765625 0.2375
0 0.79296875 0.22109375 0.171875 0.2171875
0 0.9015625 0.246875 0.175 0.209375
0 0.95703125 0.28125 0.0859375 0.1875
1 0.08125 0.58125 0.1625 0.1875
1 0.25234375 0.63203125 0.1484375 0.1796875
1 0.3125 0.66328125 0.159375 0.184375
1 0.13671875 0.47734375 0.159375 0.1859375
1 0.22265625 0.49453125 0.178125 0.2
1 0.29765625 0.528125 0.1640625 0.1890625
1 0.3828125 0.54375 0.16875 0.2
1 0.71015625 0.64375 0.1421875 0.1703125
1 0.3171875 0.2796875 0.1625 0.2171875
1 0.14765625 0.20703125 0.1828125 0.221875
1 0.60390625 0.3421875 0.178125 0.2