0 0.609375 0.9796875 0.0875 0.040625
0 0.684375 0.95859375 0.06875 0.059375
0 0.82578125 0.853125 0.1015625 0.090625
0 0.8953125 0.81328125 0.0875 0.078125
0 0.95625 0.75703125 0.0875 0.0921875
1 0.984375 0.7109375 0.03125 0.115625
0 0.7265625 0.85625 0.2078125 0.1859375
0 0.94140625 0.53515625 0.1171875 0.1640625
0 0.97734375 0.49921875 0.0453125 0.1640625
0 0.88203125 0.59765625 0.1890625 0.20625
0 0.7921875 0.64140625 0.159375 0.1703125
0 0.55546875 0.7984375 0.1375 0.1484375
0 0.6328125 0.74765625 0.134375 0.1453125
0 0.71953125 0.72734375 0.11875 0.140625
0 0.34140625 0.925 0.1671875 0.15
0 0.50703125 0.659375 0.1640625 0.1828125
0 0.5828125 0.58984375 0.1484375 0.1671875
0 0.67109375 0.54296875 0.184375 0.2109375
0 0.82421875 0.42578125 0.18125 0.203125
0 0.89921875 0.36640625 0.2015625 0.2484375
0 0.7609375 0.08359375 0.1625 0.1671875
0 0.671875 0.13671875 0.1890625 0.2015625
0 0.49765625 0.2671875 0.2015625 0.21875
0 0.315625 0.3671875 0.175 0.196875
0 0.2125 0.41953125 0.1984375 0.2203125
0 0.065625 0.55625 0.13125 0.2125
0 0.0328125 0.3796875 0.065625 0.2375
0 0.07890625 0.30546875 0.1578125 0.2265625
0 0.15390625 0.2328125 0.1640625 0.1921875
0 0.2515625 0.1890625 0.18125 0.21875
0 0.3484375 0.12890625 0.2140625 0.2421875
0 0.44296875 0.084375 0.1859375 0.16875
0 0.53125 0.05 0.196875 0.1
0 0.6203125 0.028125 0.190625 0.05625
1 0.24609375 0.94609375 0.1359375 0.1078125
1 0.3796875 0.87578125 0.178125 0.190625
1 0.45390625 0.8234375 0.2 0.2046875
1 0.1734375 0.840625 0.153125 0.1765625
1 0.2390625 0.7921875 0.2078125 0.221875
1 0.31953125 0.7390625 0.2015625 0.2109375
1 0.40234375 0.6796875 0.2078125 0.215625
1 0.74375 0.465625 0.2015625 0.215625
1 0.94140625 0.334375 0.1171875 0.178125
1 0.01953125 0.58203125 0.0390625 0.1609375
1 0.1171875 0.478125 0.1984375 0.2015625
1 0.39453125 0.3078125 0.1796875 0.18125
1 0.5734375 0.18984375 0.2 0.2078125