1 0.23125 0.08515625 0.103125 0.1203125
0 0.76640625 0.08125 0.059375 0.1234375
1 0.83515625 0.1 0.1 0.125
0 0.05546875 0.39375 0.084375 0.196875
1 0.11953125 0.3078125 0.11796875 0.146875
1 0.29609375 0.3109375 0.096875 0.153125
1 0.36015625 0.30625 0.12421875 0.140625
1 0.740625 0.43671875 0.12109375 0.1546875
1 0.1421875 0.42578125 0.125 0.16015625
1 0.23046875 0.43125 0.12109375 0.15703125
1 0.31328125 0.43125 0.128125 0.14453125
1 0.39765625 0.4296875 0.1265625 0.15234375
0 0.90859375 0.42421875 0.08671875 0.16484375
1 0.9703125 0.43671875 0.05859375 0.1265625
1 0.56015625 0.7078125 0.1125 0.12578125
1 0.28515625 0.70859375 0.125 0.1359375
1 0.0890625 0.72578125 0.13125 0.12421875
1 0.746875 0.71015625 0.1046875 0.134375
0 0.01875 0.0640625 0.0375 0.128125
0 0.0765625 0.06484375 0.06875 0.1296875
0 0.15234375 0.06171875 0.05078125 0.1125
0 0.3109375 0.06796875 0.06640625 0.1203125
0 0.390625 0.0671875 0.06640625 0.134375
0 0.47109375 0.06953125 0.06328125 0.1359375
0 0.54765625 0.07890625 0.059375 0.13125
0 0.6203125 0.0765625 0.05625 0.121875
0 0.68828125 0.071875 0.0765625 0.12890625
0 0.89453125 0.0796875 0.078125 0.1171875
0 0.965625 0.084375 0.06875 0.13125
0 0.2140625 0.28046875 0.06953125 0.1578125
0 0.44453125 0.27890625 0.06875 0.1046875
0 0.53125 0.2828125 0.0625 0.12421875
0 0.60703125 0.2671875 0.05390625 0.109375
0 0.48359375 0.409375 0.06953125 0.115625
0 0.57109375 0.41484375 0.075 0.11796875
0 0.6421875 0.40703125 0.08125 0.1609375
0 0.6921875 0.29296875 0.07109375 0.11328125
0 0.76875 0.2734375 0.0796875 0.12109375
0 0.85 0.27265625 0.0828125 0.11640625
0 0.93125 0.28046875 0.06953125 0.1125
0 0.98125 0.29765625 0.0375 0.1203125
0 0.8234375 0.4265625 0.0765625 0.15
0 0.55 0.52265625 0.15546875 0.115625
0 0.18515625 0.69140625 0.0734375 0.1640625
0 0.37734375 0.7015625 0.0828125 0.17265625
0 0.4671875 0.70625 0.0984375 0.15546875
0 0.653125 0.68828125 0.07890625 0.146875
0 0.8390625 0.690625 0.08515625 0.1625
0 0.934375 0.7109375 0.07109375 0.1328125
0 0.98828125 0.7203125 0.0234375 0.12109375
0 0.89453125 0.8765625 0.09765625 0.16796875
0 0.97421875 0.85390625 0.0515625 0.1703125
0 0.80078125 0.8796875 0.0859375 0.178125
0 0.70703125 0.86640625 0.0859375 0.1859375
0 0.6125 0.865625 0.08125 0.19921875
0 0.52421875 0.8859375 0.071875 0.165625
0 0.32890625 0.87421875 0.0640625 0.196875
0 0.4203125 0.8875 0.0703125 0.18125
0 0.22734375 0.878125 0.0765625 0.196875
0 0.1234375 0.8875 0.08203125 0.19375