1 0.2171875 0.96640625 0.11875 0.059375
1 0.91328125 0.9609375 0.1171875 0.078125
1 0.0859375 0.74140625 0.1234375 0.159375
1 0.2890625 0.746875 0.115625 0.1671875
1 0.36796875 0.76015625 0.1421875 0.18125
1 0.803125 0.61015625 0.140625 0.1859375
1 0.1125 0.6078125 0.140625 0.1609375
1 0.215625 0.61015625 0.140625 0.1828125
1 0.3109375 0.60546875 0.15625 0.1828125
1 0.4125 0.61328125 0.153125 0.1734375
0 0.9640625 0.62578125 0.0703125 0.2046875
1 0.0703125 0.28203125 0.1359375 0.16875
1 0.284375 0.28984375 0.1375 0.153125
1 0.6015625 0.309375 0.134375 0.140625
0 0.04375 0.97421875 0.0875 0.0359375
0 0.1265625 0.97734375 0.0796875 0.034375
0 0.3109375 0.97421875 0.090625 0.046875
0 0.39609375 0.9765625 0.0984375 0.0453125
0 0.48984375 0.9765625 0.0890625 0.046875
0 0.57578125 0.97109375 0.0984375 0.0578125
0 0.665625 0.9765625 0.096875 0.046875
0 0.74296875 0.975 0.1078125 0.05
0 0.82890625 0.9796875 0.0828125 0.040625
0 0.03046875 0.66015625 0.0609375 0.2515625
0 0.1984375 0.8078125 0.0921875 0.1890625
0 0.46640625 0.78984375 0.121875 0.1546875
0 0.5078125 0.6421875 0.10625 0.159375
0 0.5609375 0.80390625 0.096875 0.14375
0 0.6046875 0.63359375 0.1125 0.184375
0 0.65625 0.8265625 0.1203125 0.1578125
0 0.7046875 0.65703125 0.115625 0.1953125
0 0.7546875 0.79765625 0.1125 0.1734375
0 0.8546875 0.80703125 0.125 0.1796875
0 0.903125 0.6359375 0.1328125 0.1828125
0 0.94296875 0.82265625 0.1046875 0.1375
0 0.98046875 0.79453125 0.0328125 0.15
0 0.1796875 0.30234375 0.1078125 0.2328125
0 0.38828125 0.3 0.1234375 0.2078125
0 0.49609375 0.3 0.121875 0.184375
0 0.7046875 0.3171875 0.1203125 0.190625
0 0.81640625 0.3234375 0.1421875 0.1984375
0 0.9265625 0.32421875 0.134375 0.1921875
0 0.9796875 0.32421875 0.040625 0.1640625
0 0.0859375 0.1 0.153125 0.2
0 0.21875 0.1125 0.128125 0.225
0 0.3265625 0.1109375 0.140625 0.221875
0 0.44453125 0.103125 0.1328125 0.20625
0 0.56328125 0.1125 0.1328125 0.225
0 0.66328125 0.121875 0.140625 0.2390625
0 0.778125 0.1265625 0.1609375 0.246875
0 0.88515625 0.1171875 0.1640625 0.2234375
0 0.96015625 0.1296875 0.0796875 0.246875
0 0.71640625 0.47109375 0.209375 0.11875