0 0.0296875 0.071875 0.046875 0.14375
0 0.084375 0.0609375 0.0703125 0.12109375
0 0.15625 0.0640625 0.078125 0.128125
0 0.31875 0.06796875 0.07421875 0.12578125
0 0.39296875 0.06953125 0.08125 0.1390625
0 0.46484375 0.06875 0.05859375 0.128125
0 0.5484375 0.071875 0.0671875 0.1328125
0 0.61875 0.07890625 0.059375 0.1265625
0 0.69296875 0.071875 0.059375 0.1296875
0 0.76640625 0.07109375 0.06875 0.1359375
0 0.8390625 0.06640625 0.07890625 0.1328125
0 0.909375 0.08125 0.0796875 0.121875
0 0.97265625 0.0625 0.0546875 0.12109375
0 0.2203125 0.2671875 0.078125 0.17265625
0 0.05546875 0.3890625 0.09140625 0.19921875
0 0.48359375 0.4109375 0.0828125 0.13984375
0 0.459375 0.2859375 0.08203125 0.1109375
0 0.5734375 0.4109375 0.0828125 0.1203125
0 0.5328125 0.27421875 0.05859375 0.10859375
0 0.61640625 0.2625 0.0640625 0.10859375
0 0.65859375 0.4046875 0.08515625 0.14453125
0 0.70703125 0.2828125 0.0703125 0.1171875
0 0.78203125 0.27421875 0.0921875 0.11875
0 0.8546875 0.275 0.0671875 0.10625
0 0.93515625 0.271875 0.07109375 0.10078125
0 0.98359375 0.271875 0.0328125 0.128125
0 0.82734375 0.428125 0.0875 0.13671875
0 0.91484375 0.4234375 0.08125 0.15703125
0 0.97734375 0.40859375 0.0453125 0.1453125
0 0.63515625 0.56953125 0.1453125 0.103125
0 0.19296875 0.69375 0.07734375 0.16875
0 0.121875 0.88359375 0.07890625 0.19375
0 0.2203125 0.884375 0.0828125 0.19609375
0 0.325 0.878125 0.0734375 0.196875
0 0.42890625 0.8984375 0.0671875 0.19140625
0 0.52421875 0.8859375 0.0828125 0.1890625
0 0.38125 0.7046875 0.090625 0.17109375
0 0.471875 0.70234375 0.08671875 0.12578125
0 0.61328125 0.8609375 0.08984375 0.17578125