1 0.2359375 0.0921875 0.10859375 0.121875
1 0.8375 0.1078125 0.1015625 0.13671875
0 0.05625 0.3859375 0.09765625 0.24375
1 0.11875 0.315625 0.10859375 0.1546875
1 0.2921875 0.3171875 0.0953125 0.15
1 0.3640625 0.3125 0.103125 0.140625
1 0.140625 0.43671875 0.1171875 0.1546875
1 0.22734375 0.434375 0.1265625 0.1578125
1 0.31328125 0.434375 0.1390625 0.1515625
1 0.4078125 0.434375 0.12578125 0.15546875
1 0.7359375 0.43671875 0.12109375 0.14140625
0 0.90625 0.415625 0.11328125 0.184375
1 0.96640625 0.44140625 0.0671875 0.1484375
1 0.08671875 0.71484375 0.12421875 0.16015625
1 0.290625 0.7 0.11328125 0.1625
1 0.55390625 0.69609375 0.13359375 0.128125
0 0.025 0.06875 0.05 0.1375
0 0.08828125 0.0640625 0.0828125 0.128125
0 0.16171875 0.05859375 0.0671875 0.1171875
0 0.3125 0.0640625 0.084375 0.128125
0 0.38203125 0.06875 0.0953125 0.13671875
0 0.46953125 0.07109375 0.09296875 0.1421875
0 0.55234375 0.0703125 0.0828125 0.140625
0 0.6234375 0.075 0.08984375 0.15
0 0.68984375 0.075 0.10078125 0.15
0 0.77109375 0.0734375 0.075 0.146875
0 0.89765625 0.071875 0.1015625 0.14375
0 0.965625 0.08203125 0.06875 0.1296875
0 0.21171875 0.27421875 0.0765625 0.15
0 0.45 0.278125 0.0984375 0.1265625
0 0.475 0.4125 0.1125 0.1515625
0 0.53984375 0.275 0.08671875 0.13203125
0 0.56953125 0.41484375 0.0921875 0.159375
0 0.6515625 0.40625 0.07890625 0.17578125
0 0.8328125 0.41953125 0.1 0.17265625
0 0.19609375 0.6859375 0.1046875 0.1671875
0 0.12734375 0.884375 0.1046875 0.2109375
0 0.23515625 0.88125 0.10859375 0.23359375
0 0.32265625 0.878125 0.1203125 0.215625
0 0.43125 0.89375 0.1015625 0.18828125
0 0.528125 0.878125 0.1109375 0.215625
0 0.6140625 0.875 0.1265625 0.234375
0 0.71171875 0.87578125 0.12421875 0.228125
0 0.80703125 0.878125 0.1359375 0.21171875
0 0.90625 0.87109375 0.12890625 0.20703125
0 0.96875 0.86171875 0.0625 0.21953125
0 0.47109375 0.70859375 0.090625 0.1515625
0 0.37578125 0.7015625 0.10625 0.1875
0 0.6484375 0.68828125 0.09765625 0.15703125
0 0.74375 0.6859375 0.1046875 0.184375
0 0.83125 0.6859375 0.10859375 0.1609375
0 0.92421875 0.69296875 0.10234375 0.14765625
0 0.975 0.70078125 0.05 0.1328125
0 0.61015625 0.25625 0.090625 0.1453125
0 0.68828125 0.28203125 0.1 0.1390625
0 0.77265625 0.2703125 0.0953125 0.1609375
0 0.85546875 0.26171875 0.109375 0.12890625
0 0.928125 0.27109375 0.078125 0.14375
0 0.9734375 0.2828125 0.053125 0.146875