0 0.93984375 0.8171875 0.1203125 0.15625
0 0.7734375 0.8765625 0.1359375 0.1453125
0 0.6734375 0.90625 0.134375 0.146875
0 0.58671875 0.93046875 0.1390625 0.1390625
0 0.496875 0.94921875 0.134375 0.1015625
0 0.40546875 0.95234375 0.1671875 0.0953125
0 0.33046875 0.97421875 0.1421875 0.0515625
0 0.23203125 0.984375 0.1359375 0.03125
0 0.821875 0.61875 0.1609375 0.23125
0 0.93828125 0.43671875 0.1234375 0.2734375
0 0.459375 0.5546875 0.18125 0.2140625
0 0.53984375 0.7046875 0.165625 0.1875
0 0.3578125 0.58671875 0.178125 0.2125
0 0.45625 0.7515625 0.15 0.196875
0 0.35703125 0.78359375 0.1625 0.215625
0 0.25546875 0.6265625 0.18125 0.2484375
0 0.2453125 0.784375 0.146875 0.190625
0 0.15703125 0.85 0.1796875 0.221875
0 0.10625 0.85703125 0.08125 0.1609375
0 0.07578125 0.6796875 0.1359375 0.209375
0 0.7 0.121875 0.1703125 0.24375
0 0.4765625 0.1796875 0.1890625 0.2671875
0 0.36484375 0.21328125 0.209375 0.2515625
0 0.153125 0.3046875 0.209375 0.2546875
0 0.0140625 0.3484375 0.028125 0.21875
0 0.628125 0.0265625 0.14375 0.053125
0 0.4953125 0.04609375 0.165625 0.0921875
0 0.3796875 0.05625 0.175 0.1125
0 0.259375 0.0953125 0.1421875 0.11875
0 0.15390625 0.14453125 0.171875 0.153125
0 0.0671875 0.17578125 0.134375 0.1546875
1 0.871875 0.84921875 0.140625 0.1421875
1 0.1734375 0.9828125 0.096875 0.034375
1 0.91328125 0.5453125 0.1734375 0.203125
1 0.721875 0.6140625 0.175 0.2265625
1 0.63203125 0.63984375 0.178125 0.1921875
1 0.85390625 0.41171875 0.19375 0.2359375
1 0.75 0.4515625 0.2234375 0.2421875
1 0.64921875 0.465625 0.221875 0.2421875
1 0.53984375 0.51015625 0.2140625 0.246875
1 0.140625 0.62890625 0.209375 0.2484375
1 0.8 0.08046875 0.209375 0.1609375
1 0.57890625 0.13203125 0.1859375 0.2171875
1 0.25390625 0.23515625 0.2015625 0.221875
1 0.065625 0.31484375 0.13125 0.2453125