1 0.046875 0.33359375 0.09375 0.1953125
1 0.7890625 0.0890625 0.146875 0.178125
1 0.653125 0.18359375 0.1875 0.203125
1 0.58125 0.22578125 0.1875 0.2
1 0.8546875 0.2109375 0.171875 0.1953125
1 0.7890625 0.253125 0.221875 0.23125
1 0.70703125 0.30859375 0.228125 0.23125
1 0.61875 0.36796875 0.21875 0.228125
1 0.30859375 0.58125 0.2046875 0.2109375
0 0.13359375 0.66953125 0.225 0.246875
1 0.0953125 0.73046875 0.153125 0.1796875
1 0.89609375 0.54609375 0.2078125 0.2265625
1 0.646875 0.71015625 0.209375 0.20625
0 0.48203125 0.021875 0.1390625 0.04375
0 0.4203125 0.04921875 0.15625 0.0984375
0 0.33828125 0.08046875 0.1578125 0.1609375
0 0.26015625 0.13203125 0.146875 0.1546875
0 0.19609375 0.18203125 0.1578125 0.165625
0 0.1328125 0.22421875 0.16875 0.1734375
0 0.0625 0.2734375 0.125 0.153125
0 0.7015625 0.09296875 0.16875 0.1859375
0 0.47890625 0.24765625 0.175 0.1828125
0 0.540625 0.390625 0.203125 0.2140625
0 0.39140625 0.3015625 0.1671875 0.18125
0 0.45234375 0.453125 0.1890625 0.209375
0 0.36875 0.4984375 0.1875 0.2171875
0 0.20546875 0.6265625 0.2046875 0.228125
0 0.93828125 0.4703125 0.1234375 0.225
0 0.9703125 0.63828125 0.059375 0.2078125
0 0.928125 0.69765625 0.14375 0.2078125
0 0.86484375 0.78046875 0.1671875 0.1703125
0 0.7640625 0.82890625 0.19375 0.2015625
0 0.67890625 0.878125 0.2171875 0.225
0 0.58671875 0.915625 0.2140625 0.16875
0 0.49921875 0.95 0.2171875 0.1
0 0.73359375 0.66875 0.1828125 0.2015625
0 0.81953125 0.6 0.2203125 0.2453125
0 0.5515625 0.7625 0.19375 0.2109375
0 0.4609375 0.821875 0.2171875 0.2421875
0 0.37734375 0.87734375 0.20625 0.221875
0 0.29296875 0.9203125 0.1921875 0.159375
0 0.253125 0.95234375 0.128125 0.0953125
0 0.31328125 0.32890625 0.1796875 0.1953125
0 0.25546875 0.40390625 0.1828125 0.1953125
0 0.16796875 0.44609375 0.19375 0.2140625
0 0.08828125 0.49140625 0.1765625 0.1921875
0 0.0515625 0.54609375 0.103125 0.1859375
0 0.02890625 0.5828125 0.0578125 0.171875