1 0.2359375 0.0921875 0.10078125 0.1140625
1 0.8390625 0.10625 0.10078125 0.13125
1 0.11875 0.315625 0.1046875 0.1359375
1 0.2953125 0.3140625 0.09765625 0.14375
1 0.36328125 0.30390625 0.12109375 0.1546875
1 0.7375 0.440625 0.11875 0.1578125
1 0.13984375 0.43125 0.11875 0.13671875
1 0.2296875 0.43125 0.11875 0.15625
1 0.3109375 0.4375 0.13203125 0.15625
1 0.4 0.43125 0.1296875 0.1484375
0 0.90390625 0.42890625 0.11015625 0.1765625
1 0.97109375 0.428125 0.0578125 0.128125
1 0.09453125 0.71484375 0.1234375 0.14453125
1 0.28359375 0.71015625 0.11640625 0.13125
1 0.55859375 0.69765625 0.11328125 0.1203125
0 0.02265625 0.0640625 0.0453125 0.128125
0 0.08203125 0.0640625 0.0859375 0.128125
0 0.15859375 0.06328125 0.06953125 0.1265625
0 0.31796875 0.06953125 0.07890625 0.1390625
0 0.39140625 0.06875 0.08515625 0.13671875
0 0.4734375 0.06953125 0.0765625 0.1390625
0 0.54765625 0.07421875 0.08515625 0.1484375
0 0.625 0.0703125 0.08203125 0.140625
0 0.69140625 0.071875 0.0921875 0.14375
0 0.76640625 0.06953125 0.071875 0.1390625
0 0.90078125 0.06953125 0.09296875 0.1390625
0 0.9609375 0.0671875 0.078125 0.134375
0 0.04765625 0.3859375 0.0953125 0.215625
0 0.2171875 0.26015625 0.07734375 0.16328125
0 0.4484375 0.2796875 0.10234375 0.13203125
0 0.4828125 0.4078125 0.08984375 0.13671875
0 0.53125 0.26875 0.08203125 0.121875
0 0.56640625 0.4171875 0.09375 0.1578125
0 0.61328125 0.25078125 0.1015625 0.134375
0 0.653125 0.3984375 0.096875 0.16796875
0 0.6984375 0.27734375 0.09453125 0.1484375
0 0.78515625 0.27109375 0.10546875 0.153125
0 0.825 0.4203125 0.1125 0.15625
0 0.86875 0.259375 0.10234375 0.11796875
0 0.93125 0.284375 0.0984375 0.13125
0 0.97734375 0.278125 0.0453125 0.165625
0 0.19375 0.69765625 0.08984375 0.2
0 0.37421875 0.70234375 0.103125 0.17890625
0 0.4671875 0.70390625 0.10234375 0.1578125
0 0.64765625 0.69296875 0.10078125 0.16328125
0 0.74453125 0.6890625 0.1203125 0.16875
0 0.83984375 0.6890625 0.11328125 0.1640625
0 0.92890625 0.690625 0.115625 0.1421875
0 0.98203125 0.69609375 0.0359375 0.1390625
0 0.11015625 0.8921875 0.1296875 0.21015625
0 0.225 0.88046875 0.10859375 0.22734375
0 0.3171875 0.878125 0.11875 0.215625
0 0.4203125 0.89296875 0.1125 0.2140625
0 0.52265625 0.884375 0.1109375 0.22734375
0 0.6109375 0.86953125 0.1171875 0.21796875
0 0.709375 0.86796875 0.1359375 0.228125
0 0.8015625 0.88359375 0.1390625 0.21796875
0 0.89765625 0.86875 0.12578125 0.234375
0 0.9671875 0.86484375 0.0625 0.22734375
0 0.66015625 0.559375 0.1796875 0.1