0 0.29140625 0.9859375 0.1203125 0.028125
0 0.44296875 0.95703125 0.1203125 0.0859375
0 0.52578125 0.94296875 0.1421875 0.1140625
0 0.59765625 0.93046875 0.1296875 0.1390625
0 0.68671875 0.90546875 0.115625 0.1328125
0 0.75390625 0.87578125 0.1140625 0.1453125
0 0.82265625 0.86328125 0.125 0.1328125
0 0.89921875 0.834375 0.11875 0.1390625
0 0.296875 0.83984375 0.1328125 0.2015625
0 0.10546875 0.76640625 0.1515625 0.246875
0 0.5203125 0.7515625 0.1234375 0.1515625
0 0.51953125 0.61953125 0.1421875 0.1625
0 0.53828125 0.47109375 0.20625 0.175
0 0.61484375 0.73984375 0.1328125 0.153125
0 0.59921875 0.60390625 0.13125 0.1546875
0 0.6828125 0.55703125 0.171875 0.2171875
0 0.69453125 0.72578125 0.1171875 0.1578125
0 0.7640625 0.66953125 0.1515625 0.18125
0 0.853125 0.49296875 0.159375 0.2
0 0.925 0.45546875 0.15 0.2453125
0 0.85390625 0.665625 0.16875 0.18125
0 0.93828125 0.64296875 0.1234375 0.1578125
0 0.97421875 0.60390625 0.0515625 0.1484375
0 0.12734375 0.42890625 0.1578125 0.215625
0 0.309375 0.353125 0.1671875 0.215625
0 0.4 0.315625 0.184375 0.2109375
0 0.59765625 0.2796875 0.1609375 0.225
0 0.78046875 0.21015625 0.1640625 0.19375
0 0.8625 0.1765625 0.1421875 0.18125
0 0.909375 0.190625 0.078125 0.1625
0 0.04140625 0.25703125 0.0828125 0.2484375
0 0.090625 0.225 0.178125 0.24375
0 0.20078125 0.196875 0.1828125 0.2625
0 0.30234375 0.15859375 0.1734375 0.228125
0 0.3953125 0.1296875 0.18125 0.240625
0 0.4921875 0.11875 0.2 0.2375
0 0.59765625 0.103125 0.1890625 0.20625
0 0.684375 0.08203125 0.2 0.1640625
0 0.77421875 0.08046875 0.2140625 0.1609375
0 0.8421875 0.05703125 0.10625 0.1140625
1 0.365625 0.96875 0.1375 0.0625
1 0.9515625 0.82109375 0.096875 0.1265625
1 0.16796875 0.84921875 0.1546875 0.1671875
1 0.35625 0.78984375 0.159375 0.203125
1 0.43359375 0.77578125 0.16875 0.1921875
1 0.1609375 0.70390625 0.1578125 0.1875
1 0.25 0.68203125 0.15625 0.1796875
1 0.32265625 0.6578125 0.1890625 0.1921875
1 0.4109375 0.625 0.1890625 0.1890625
1 0.76171875 0.50078125 0.1796875 0.2078125
1 0.96796875 0.44453125 0.0640625 0.1734375
1 0.0453125 0.4546875 0.090625 0.171875
1 0.21796875 0.39296875 0.159375 0.1734375
1 0.49453125 0.303125 0.1640625 0.1609375
1 0.6828125 0.24609375 0.1578125 0.1828125