1 0.23359375 0.0890625 0.103125 0.1234375
1 0.8359375 0.096875 0.10546875 0.1203125
1 0.12578125 0.3125 0.121875 0.1328125
1 0.29765625 0.3203125 0.0875 0.14453125
1 0.371875 0.3078125 0.12421875 0.1421875
1 0.14140625 0.4359375 0.1078125 0.13203125
1 0.2328125 0.440625 0.125 0.153125
1 0.31015625 0.4328125 0.121875 0.15
1 0.4 0.42734375 0.12109375 0.153125
1 0.740625 0.4328125 0.11640625 0.1375
0 0.909375 0.4234375 0.0921875 0.159375
1 0.96953125 0.43046875 0.0609375 0.1234375
1 0.0921875 0.7171875 0.12890625 0.128125
1 0.2828125 0.70234375 0.10546875 0.1109375
1 0.5640625 0.69453125 0.11015625 0.11796875
1 0.740625 0.70390625 0.11640625 0.146875
0 0.0234375 0.0703125 0.046875 0.140625
0 0.0859375 0.0703125 0.08203125 0.140625
0 0.1578125 0.06875 0.0828125 0.13671875
0 0.31953125 0.0734375 0.0828125 0.146875
0 0.3953125 0.07109375 0.08515625 0.1421875
0 0.4671875 0.07109375 0.0890625 0.1421875
0 0.5453125 0.0703125 0.1046875 0.140625
0 0.6203125 0.07421875 0.0921875 0.1484375
0 0.6921875 0.0734375 0.1 0.146875
0 0.7609375 0.07421875 0.0875 0.1484375
0 0.9015625 0.07109375 0.1 0.134375
0 0.959375 0.0703125 0.08125 0.140625
0 0.05859375 0.38046875 0.11328125 0.19609375
0 0.21796875 0.265625 0.075 0.17578125
0 0.4484375 0.27734375 0.1 0.1328125
0 0.53671875 0.26640625 0.0828125 0.13984375
0 0.6078125 0.24765625 0.078125 0.13359375
0 0.48046875 0.4078125 0.078125 0.128125
0 0.5671875 0.41953125 0.0765625 0.14375
0 0.63984375 0.41015625 0.08515625 0.15234375
0 0.81875 0.42265625 0.0828125 0.1453125
0 0.85234375 0.2765625 0.07890625 0.1109375
0 0.9328125 0.284375 0.0609375 0.10078125
0 0.98046875 0.2953125 0.0390625 0.1171875
0 0.69453125 0.28984375 0.071875 0.115625
0 0.77421875 0.2734375 0.08671875 0.125
0 0.19375 0.6921875 0.08203125 0.16484375
0 0.125 0.88515625 0.09375 0.2078125
0 0.21484375 0.878125 0.08984375 0.2046875
0 0.3171875 0.8734375 0.09453125 0.215625
0 0.3796875 0.709375 0.0796875 0.18828125
0 0.47109375 0.7125 0.090625 0.13984375
0 0.4265625 0.89453125 0.084375 0.1875
0 0.5171875 0.88125 0.07734375 0.19140625
0 0.609375 0.86171875 0.08984375 0.18828125
0 0.7125 0.8640625 0.08515625 0.1921875
0 0.6578125 0.69453125 0.09765625 0.1671875
0 0.8375 0.69453125 0.09296875 0.1515625
0 0.9234375 0.6921875 0.08203125 0.1375
0 0.98125 0.70234375 0.0375 0.1515625
0 0.8953125 0.86796875 0.09453125 0.1859375
0 0.97109375 0.85625 0.0578125 0.196875
0 0.80546875 0.87578125 0.0765625 0.2015625