0 0.1625 0.0296875 0.08203125 0.05859375
0 0.24140625 0.03828125 0.08671875 0.0765625
1 0.3171875 0.05703125 0.078125 0.1140625
0 0.39453125 0.0546875 0.08984375 0.109375
0 0.47890625 0.06171875 0.0734375 0.1234375
0 0.55546875 0.0640625 0.0703125 0.128125
0 0.62890625 0.0796875 0.0609375 0.159375
0 0.70234375 0.08125 0.0765625 0.146875
0 0.775 0.103125 0.10546875 0.1765625
0 0.85 0.0984375 0.08125 0.196875
1 0.9265625 0.13125 0.084375 0.171875
0 0.971875 0.13671875 0.05625 0.1734375
0 0.06640625 0.29921875 0.09765625 0.2375
0 0.2625 0.20703125 0.0640625 0.203125
0 0.50703125 0.3953125 0.084375 0.1546875
0 0.5859375 0.41796875 0.0859375 0.171875
0 0.6703125 0.425 0.0859375 0.1890625
0 0.84375 0.47421875 0.0859375 0.18046875
0 0.9328125 0.4921875 0.10625 0.18359375
0 0.496875 0.25234375 0.0890625 0.12421875
0 0.57265625 0.25234375 0.07734375 0.15546875
0 0.65390625 0.25390625 0.09453125 0.14453125
0 0.7421875 0.31875 0.08984375 0.21484375
0 0.834375 0.3109375 0.08515625 0.17578125
0 0.9171875 0.3265625 0.09453125 0.1328125
0 0.96875 0.35078125 0.05859375 0.1578125
0 0.14765625 0.621875 0.09296875 0.18828125
0 0.33515625 0.659375 0.10078125 0.20234375
0 0.43828125 0.6890625 0.096875 0.1796875
0 0.6234375 0.71015625 0.10078125 0.1703125
0 0.715625 0.72734375 0.1 0.175
0 0.815625 0.7515625 0.1 0.171875
0 0.9015625 0.76875 0.071875 0.121875
0 0.05859375 0.79765625 0.0703125 0.20625
0 0.15703125 0.82109375 0.06953125 0.2328125
0 0.2546875 0.82890625 0.08125 0.2203125
0 0.359375 0.8734375 0.08203125 0.22265625
0 0.4515625 0.88046875 0.08515625 0.21171875
0 0.5453125 0.87578125 0.08515625 0.221875
0 0.63359375 0.87734375 0.09296875 0.19453125
0 0.7421875 0.90546875 0.1015625 0.1859375
0 0.8375 0.915625 0.090625 0.1640625
0 0.93125 0.9171875 0.08671875 0.146875
1 0.16328125 0.23515625 0.10859375 0.1546875
1 0.340625 0.26875 0.08671875 0.15546875
1 0.40703125 0.26875 0.1 0.15546875
1 0.16796875 0.3546875 0.09765625 0.1578125
1 0.2515625 0.378125 0.11328125 0.165625
1 0.33359375 0.38203125 0.10234375 0.1578125
1 0.415625 0.40703125 0.1015625 0.17109375
1 0.75078125 0.465625 0.08515625 0.146875
1 0.2390625 0.6109375 0.07734375 0.203125
1 0.0546875 0.59921875 0.109375 0.1921875
1 0.52109375 0.68515625 0.1140625 0.16484375