1 0.78046875 0.73125 0.16875 0.1984375
1 0.93359375 0.6828125 0.1328125 0.2125
1 0.69921875 0.76328125 0.184375 0.209375
1 0.9171875 0.54921875 0.165625 0.2171875
1 0.828125 0.58984375 0.184375 0.215625
1 0.7296875 0.603125 0.2171875 0.228125
1 0.63046875 0.628125 0.209375 0.2140625
1 0.234375 0.7296875 0.1703125 0.20625
0 0.078125 0.77109375 0.096875 0.2078125
1 0.8921875 0.23515625 0.15 0.196875
1 0.6859375 0.27734375 0.18125 0.2046875
1 0.365625 0.3765625 0.171875 0.1859375
0 0.87890625 0.7578125 0.0984375 0.1828125
0 0.9828125 0.58203125 0.034375 0.2421875
0 0.6234375 0.82578125 0.1140625 0.128125
0 0.53828125 0.6890625 0.0984375 0.1625
0 0.52109375 0.84296875 0.1078125 0.15
0 0.440625 0.69453125 0.1296875 0.178125
0 0.428125 0.87734375 0.10625 0.1703125
0 0.3484375 0.72890625 0.1453125 0.225
0 0.3234375 0.88359375 0.109375 0.153125
0 0.23671875 0.9171875 0.1296875 0.165625
0 0.140625 0.76640625 0.1203125 0.18125
0 0.14921875 0.9296875 0.1171875 0.140625
0 0.05859375 0.45546875 0.1171875 0.1796875
0 0.1515625 0.43046875 0.1375 0.190625
0 0.26328125 0.409375 0.1390625 0.190625
0 0.45703125 0.33046875 0.146875 0.1921875
0 0.56796875 0.3046875 0.1390625 0.215625
0 0.78671875 0.26796875 0.1375 0.209375
0 0.81328125 0.07578125 0.1421875 0.1515625
0 0.70625 0.0890625 0.13125 0.178125
0 0.590625 0.1140625 0.15 0.228125
0 0.471875 0.11640625 0.153125 0.2328125
0 0.3578125 0.14609375 0.146875 0.240625
0 0.26640625 0.190625 0.1578125 0.2546875
0 0.153125 0.20625 0.1921875 0.2734375
0 0.0515625 0.2421875 0.103125 0.2375