0 0.89296875 0.01875 0.0484375 0.0375
0 0.7859375 0.07265625 0.209375 0.1453125
0 0.82421875 0.0140625 0.0921875 0.028125
0 0.73046875 0.028125 0.0953125 0.05625
1 0.65078125 0.04921875 0.1109375 0.0984375
0 0.55625 0.0515625 0.115625 0.103125
0 0.45625 0.06171875 0.096875 0.1234375
0 0.37265625 0.06796875 0.08125 0.1125
0 0.2828125 0.07421875 0.0859375 0.09375
0 0.2015625 0.11328125 0.1078125 0.140625
0 0.1203125 0.125 0.0984375 0.13125
0 0.0421875 0.15234375 0.084375 0.1515625
1 0.01171875 0.165625 0.0234375 0.140625
0 0.3015625 0.18515625 0.196875 0.1390625
0 0.0109375 0.390625 0.021875 0.146875
0 0.06484375 0.36640625 0.1296875 0.1921875
0 0.16015625 0.36015625 0.1265625 0.1546875
0 0.4390625 0.30234375 0.10625 0.1375
0 0.3484375 0.3203125 0.10625 0.1328125
0 0.26015625 0.30703125 0.0796875 0.1421875
0 0.69765625 0.23984375 0.1109375 0.2046875
0 0.91953125 0.346875 0.15 0.2484375
0 0.4328125 0.45078125 0.121875 0.1734375
0 0.33515625 0.48828125 0.109375 0.1609375
0 0.234375 0.4984375 0.1328125 0.2046875
0 0.0578125 0.546875 0.115625 0.19375
0 0.103125 0.871875 0.109375 0.1765625
0 0.2921875 0.8203125 0.1546875 0.2046875
0 0.50078125 0.796875 0.13125 0.1859375
0 0.61796875 0.78671875 0.1484375 0.209375
0 0.83203125 0.72421875 0.1359375 0.2046875
0 0.940625 0.865625 0.11875 0.128125
0 0.828125 0.878125 0.13125 0.1515625
0 0.71171875 0.9109375 0.1390625 0.1328125
0 0.59296875 0.94375 0.0984375 0.1078125
0 0.48515625 0.93828125 0.1046875 0.1234375
0 0.371875 0.94453125 0.140625 0.1109375
0 0.25703125 0.96328125 0.1140625 0.0734375
0 0.15 0.98125 0.13125 0.0375
1 0.83125 0.24765625 0.159375 0.1890625
1 0.63203125 0.296875 0.140625 0.175
1 0.54453125 0.31796875 0.165625 0.18125
1 0.83046875 0.4046875 0.1484375 0.178125
1 0.7328125 0.428125 0.1625 0.203125
1 0.63671875 0.446875 0.1625 0.1890625
1 0.53828125 0.47109375 0.171875 0.190625
1 0.13828125 0.5421875 0.159375 0.196875
1 0.93125 0.71171875 0.1375 0.1984375
1 0.72890625 0.76640625 0.165625 0.175
1 0.4046875 0.821875 0.1515625 0.15625
1 0.19375 0.86484375 0.1640625 0.1828125