0 0.02265625 0.0703125 0.0453125 0.140625
0 0.084375 0.06640625 0.0890625 0.1328125
0 0.1609375 0.071875 0.0875 0.14375
0 0.31328125 0.0765625 0.08515625 0.15234375
0 0.39375 0.075 0.10625 0.15
0 0.4671875 0.07734375 0.09296875 0.1546875
0 0.55390625 0.07421875 0.07890625 0.1484375
0 0.62421875 0.08203125 0.0765625 0.1640625
0 0.6890625 0.0734375 0.08984375 0.146875
0 0.7671875 0.07734375 0.0828125 0.1546875
0 0.91015625 0.078125 0.09765625 0.15234375
0 0.96328125 0.07109375 0.0734375 0.1421875
0 0.221875 0.26875 0.075 0.1765625
0 0.06171875 0.3921875 0.09921875 0.21953125
0 0.44921875 0.28359375 0.08203125 0.12421875
0 0.4875 0.40234375 0.1 0.12890625
0 0.54765625 0.53046875 0.165625 0.1203125
0 0.53828125 0.26640625 0.0921875 0.1234375
0 0.5640625 0.39296875 0.090625 0.12421875
0 0.653125 0.4109375 0.1125 0.17890625
0 0.6140625 0.25546875 0.0734375 0.13359375
0 0.69296875 0.2859375 0.10234375 0.14765625
0 0.825 0.41875 0.1046875 0.165625
0 0.9109375 0.428125 0.103125 0.2109375
0 0.775 0.2640625 0.121875 0.140625
0 0.85859375 0.25703125 0.0828125 0.1296875
0 0.934375 0.27265625 0.0875 0.11875
0 0.97890625 0.29765625 0.0421875 0.1421875
0 0.18984375 0.68828125 0.0984375 0.18125
0 0.37578125 0.70390625 0.1078125 0.18046875
0 0.46875 0.7109375 0.12890625 0.16796875
0 0.65703125 0.6859375 0.0984375 0.19140625
0 0.8421875 0.69453125 0.11328125 0.15546875
0 0.925 0.7 0.09296875 0.15
0 0.975 0.675 0.05 0.153125
0 0.12265625 0.8875 0.1015625 0.225
0 0.2171875 0.88359375 0.109375 0.2078125
0 0.325 0.8796875 0.10859375 0.23359375
0 0.42734375 0.88125 0.11015625 0.19140625
0 0.51875 0.8796875 0.115625 0.20234375
0 0.6125 0.86875 0.13125 0.21171875
0 0.7140625 0.8609375 0.121875 0.20390625
0 0.80625 0.87734375 0.1296875 0.21015625
0 0.89140625 0.86484375 0.13984375 0.22734375
0 0.97109375 0.86640625 0.0578125 0.2125
1 0.2359375 0.08359375 0.1015625 0.1359375
1 0.8265625 0.08046875 0.08203125 0.1203125
1 0.10390625 0.2984375 0.1125 0.1296875
1 0.28984375 0.29609375 0.103125 0.16875
1 0.3640625 0.2875 0.11875 0.15234375
1 0.13984375 0.43125 0.1078125 0.15234375
1 0.2265625 0.425 0.109375 0.1421875
1 0.2984375 0.425 0.140625 0.1453125
1 0.3875 0.42890625 0.1421875 0.14140625
1 0.73984375 0.43828125 0.12578125 0.165625
1 0.9671875 0.42421875 0.065625 0.159375
1 0.08125 0.696875 0.1078125 0.13671875
1 0.28203125 0.69453125 0.115625 0.134375
1 0.55703125 0.69453125 0.12421875 0.11875
1 0.74375 0.690625 0.11015625 0.1453125