1 0.9671875 0.32890625 0.065625 0.1734375
1 0.39609375 0.04921875 0.1765625 0.0984375
1 0.96015625 0.60546875 0.0796875 0.1640625
1 0.83359375 0.521875 0.1796875 0.2015625
1 0.76953125 0.4734375 0.209375 0.225
1 0.31171875 0.4015625 0.2109375 0.228125
1 0.90234375 0.71640625 0.1515625 0.18125
1 0.8328125 0.67890625 0.209375 0.2265625
1 0.74765625 0.6390625 0.221875 0.2328125
1 0.66015625 0.58359375 0.215625 0.2234375
0 0.1484375 0.29609375 0.2109375 0.2421875
1 0.08984375 0.2609375 0.115625 0.1546875
1 0.7640625 0.96640625 0.1125 0.0671875
1 0.62109375 0.91640625 0.1921875 0.1671875
1 0.3484375 0.7640625 0.1828125 0.1859375
0 0.93515625 0.26328125 0.1296875 0.1765625
0 0.87265625 0.22109375 0.159375 0.1796875
0 0.78828125 0.17578125 0.1515625 0.1765625
0 0.71015625 0.13984375 0.165625 0.1921875
0 0.63359375 0.09140625 0.159375 0.1828125
0 0.5640625 0.07578125 0.171875 0.1515625
0 0.490625 0.0484375 0.146875 0.096875
0 0.92890625 0.5109375 0.1421875 0.209375
0 0.69609375 0.40078125 0.178125 0.1921875
0 0.5890625 0.51328125 0.16875 0.190625
0 0.61796875 0.34296875 0.1515625 0.1703125
0 0.49921875 0.47421875 0.184375 0.2140625
0 0.54453125 0.27890625 0.1796875 0.1953125
0 0.42109375 0.40625 0.19375 0.225
0 0.4421875 0.25703125 0.1796875 0.2046875
0 0.35859375 0.20234375 0.19375 0.215625
0 0.234375 0.33125 0.203125 0.221875
0 0.2796875 0.14296875 0.171875 0.178125
0 0.20234375 0.1328125 0.175 0.1890625
0 0.16640625 0.10546875 0.1234375 0.1859375
0 0.71953125 0.92109375 0.2046875 0.1578125
0 0.53359375 0.8734375 0.20625 0.240625
0 0.4375 0.821875 0.19375 0.21875
0 0.26015625 0.709375 0.1953125 0.2234375
0 0.1640625 0.65078125 0.2171875 0.240625
0 0.08515625 0.596875 0.1703125 0.23125
0 0.0375 0.5484375 0.075 0.209375
0 0.5265625 0.9703125 0.175 0.059375
0 0.41640625 0.94921875 0.1609375 0.1015625
0 0.31796875 0.90703125 0.16875 0.1609375
0 0.23046875 0.8515625 0.1796875 0.175
0 0.1328125 0.79296875 0.2015625 0.190625
0 0.06484375 0.75 0.1296875 0.171875
0 0.32265625 0.56640625 0.2390625 0.203125