1 0.83203125 0.1390625 0.1171875 0.1328125
0 0.30703125 0.05546875 0.1015625 0.1109375
1 0.23046875 0.05390625 0.1109375 0.1078125
1 0.7328125 0.3578125 0.134375 0.1625
1 0.8953125 0.38671875 0.165625 0.171875
1 0.6625 0.334375 0.146875 0.171875
1 0.86640625 0.5015625 0.14375 0.178125
1 0.78203125 0.4734375 0.146875 0.175
1 0.69765625 0.46796875 0.175 0.1859375
1 0.6125 0.453125 0.16875 0.1734375
1 0.27265625 0.390625 0.134375 0.16875
0 0.11796875 0.36171875 0.109375 0.1828125
1 0.05 0.32890625 0.071875 0.1109375
1 0.87109375 0.77421875 0.15 0.1671875
1 0.68046875 0.74609375 0.1453125 0.1671875
1 0.40390625 0.68125 0.1390625 0.1515625
0 0.9796875 0.14296875 0.040625 0.1328125
0 0.9234375 0.13203125 0.0859375 0.1359375
0 0.7640625 0.10078125 0.0796875 0.121875
0 0.68125 0.08984375 0.08125 0.1375
0 0.603125 0.08359375 0.084375 0.1453125
0 0.52890625 0.07734375 0.0765625 0.140625
0 0.4609375 0.0578125 0.06875 0.115625
0 0.38515625 0.06640625 0.0890625 0.1328125
0 0.175 0.0359375 0.078125 0.071875
0 0.11171875 0.0390625 0.0859375 0.078125
0 0.81484375 0.32890625 0.0734375 0.153125
0 0.9515625 0.4734375 0.096875 0.2125
0 0.59453125 0.28671875 0.0921875 0.10625
0 0.53125 0.40625 0.075 0.1359375
0 0.50859375 0.278125 0.084375 0.1234375
0 0.4484375 0.40859375 0.1015625 0.146875
0 0.42734375 0.25546875 0.0828125 0.140625
0 0.36875 0.38515625 0.1125 0.1875
0 0.33828125 0.25546875 0.084375 0.1265625
0 0.26328125 0.2296875 0.1015625 0.140625
0 0.19140625 0.365625 0.0921875 0.15
0 0.1875 0.215625 0.090625 0.1359375
0 0.11328125 0.2078125 0.0921875 0.13125
0 0.06171875 0.1953125 0.05625 0.146875
0 0.034375 0.46875 0.06875 0.18125
0 0.0421875 0.621875 0.084375 0.13125
0 0.00625 0.61640625 0.0125 0.1234375
0 0.13046875 0.6328125 0.1109375 0.1484375
0 0.2203125 0.6484375 0.1078125 0.1578125
0 0.315625 0.659375 0.1078125 0.1578125
0 0.48359375 0.71484375 0.115625 0.1578125
0 0.5796875 0.72890625 0.1078125 0.1796875
0 0.765625 0.74765625 0.10625 0.175
0 0.8015625 0.92265625 0.109375 0.1546875
0 0.71015625 0.9140625 0.0984375 0.171875
0 0.61015625 0.89609375 0.1140625 0.2078125
0 0.5078125 0.8984375 0.11875 0.203125
0 0.41171875 0.8765625 0.1125 0.2015625
0 0.33125 0.84296875 0.1203125 0.2125
0 0.23515625 0.8375 0.15 0.2265625
0 0.13125 0.81328125 0.1078125 0.1984375
0 0.05546875 0.8046875 0.1109375 0.209375