1 0.57578125 0.03671875 0.1515625 0.0734375
0 0.63828125 0.05625 0.1359375 0.1125
0 0.70390625 0.0984375 0.1234375 0.1296875
0 0.76328125 0.15078125 0.1359375 0.1421875
0 0.8234375 0.20625 0.1328125 0.1390625
0 0.87578125 0.26015625 0.140625 0.1484375
0 0.93671875 0.31015625 0.1265625 0.1390625
0 0.96328125 0.36796875 0.0734375 0.1390625
1 0.984375 0.41484375 0.03125 0.1546875
0 0.9296875 0.57890625 0.140625 0.1546875
0 0.9453125 0.64375 0.109375 0.175
0 0.67734375 0.36171875 0.1390625 0.1421875
0 0.74765625 0.4109375 0.125 0.1328125
0 0.79609375 0.48515625 0.1359375 0.1421875
0 0.871875 0.52421875 0.1640625 0.16875
0 0.6109375 0.3 0.1484375 0.1546875
0 0.4140625 0.1453125 0.146875 0.153125
0 0.228125 0.1234375 0.2015625 0.2140625
0 0.5453125 0.4203125 0.1484375 0.1546875
0 0.60546875 0.49296875 0.15625 0.1625
0 0.67421875 0.55625 0.1734375 0.18125
0 0.803125 0.67421875 0.171875 0.18125
0 0.87421875 0.7421875 0.1921875 0.2
0 0.6984375 0.94140625 0.153125 0.1171875
0 0.63125 0.89765625 0.1484375 0.1546875
0 0.48828125 0.771875 0.1796875 0.1859375
0 0.328125 0.66875 0.15 0.1578125
0 0.25703125 0.6 0.1796875 0.1859375
0 0.125 0.45 0.190625 0.2
0 0.05546875 0.6171875 0.1109375 0.196875
0 0.09140625 0.6734375 0.1828125 0.1921875
0 0.17265625 0.76015625 0.1859375 0.19375
0 0.253125 0.82109375 0.1875 0.1984375
0 0.33125 0.87890625 0.1828125 0.1921875
0 0.40078125 0.91875 0.1984375 0.1625
0 0.47734375 0.95625 0.1828125 0.0875
0 0.44921875 0.115625 0.01875 0.0203125
1 0.3375 0.090625 0.18125 0.18125
1 0.46328125 0.21875 0.1703125 0.1765625
1 0.53046875 0.259375 0.1984375 0.203125
1 0.26015625 0.2109375 0.1953125 0.1984375
1 0.328125 0.278125 0.178125 0.18125
1 0.39140625 0.32734375 0.1859375 0.1875
1 0.45859375 0.39453125 0.1921875 0.1953125
1 0.7296875 0.62421875 0.1796875 0.184375
1 0.9 0.7734375 0.125 0.1359375
1 0.0578125 0.40078125 0.115625 0.1890625
1 0.18203125 0.52421875 0.190625 0.19375
1 0.41328125 0.7078125 0.1859375 0.190625
1 0.55703125 0.8296875 0.1953125 0.2