0 0.0265625 0.071875 0.05 0.140625
0 0.07890625 0.07109375 0.0984375 0.1375
0 0.16171875 0.0765625 0.08671875 0.15234375
0 0.3109375 0.071875 0.084375 0.14375
0 0.396875 0.0734375 0.08203125 0.146875
0 0.46796875 0.07109375 0.0875 0.1421875
0 0.5453125 0.0671875 0.08515625 0.134375
0 0.61875 0.07421875 0.109375 0.1484375
0 0.684375 0.0671875 0.0921875 0.134375
0 0.765625 0.071875 0.084375 0.14375
0 0.91171875 0.071875 0.0984375 0.14375
0 0.96171875 0.06640625 0.06875 0.1328125
0 0.2140625 0.28125 0.084375 0.16796875
0 0.0578125 0.390625 0.09140625 0.20703125
0 0.47734375 0.415625 0.10625 0.14765625
0 0.45078125 0.28203125 0.10078125 0.1265625
0 0.56171875 0.41484375 0.1046875 0.146875
0 0.52578125 0.265625 0.0828125 0.140625
0 0.609375 0.2640625 0.08984375 0.153125
0 0.65 0.40859375 0.09765625 0.17890625
0 0.6953125 0.28984375 0.08203125 0.1359375
0 0.778125 0.26015625 0.103125 0.15546875
0 0.853125 0.26640625 0.09453125 0.1265625
0 0.928125 0.27890625 0.09296875 0.1375
0 0.9703125 0.27578125 0.05859375 0.17265625
0 0.82109375 0.4109375 0.1078125 0.15546875
0 0.9109375 0.4203125 0.1046875 0.16796875
0 0.190625 0.6921875 0.0890625 0.1765625
0 0.37578125 0.7 0.1 0.19375
0 0.46953125 0.7 0.121875 0.1734375
0 0.653125 0.68046875 0.121875 0.1765625
0 0.8390625 0.690625 0.11640625 0.165625
0 0.92890625 0.68671875 0.10234375 0.13359375
0 0.975 0.6734375 0.05 0.18125
0 0.11640625 0.884375 0.11875 0.2140625
0 0.215625 0.878125 0.096875 0.21171875
0 0.32578125 0.8828125 0.1140625 0.21484375
0 0.4203125 0.890625 0.128125 0.19921875
0 0.52265625 0.875 0.0984375 0.1875
0 0.61640625 0.86171875 0.115625 0.21015625
0 0.7046875 0.86015625 0.11796875 0.20625
0 0.8078125 0.875 0.12578125 0.19921875
0 0.89921875 0.86484375 0.1421875 0.215625
0 0.95859375 0.86328125 0.0828125 0.2171875
1 0.23046875 0.0765625 0.08984375 0.12578125
1 0.83515625 0.09453125 0.0921875 0.1453125
1 0.11796875 0.3140625 0.121875 0.1328125
1 0.2890625 0.30859375 0.09765625 0.16015625
1 0.3640625 0.31015625 0.1109375 0.128125
1 0.13984375 0.43359375 0.1125 0.1640625
1 0.2296875 0.42734375 0.1390625 0.1609375
1 0.3109375 0.43984375 0.13671875 0.1609375
1 0.4046875 0.43125 0.12890625 0.16796875
1 0.7390625 0.434375 0.12421875 0.17109375
1 0.96796875 0.428125 0.0640625 0.153125
1 0.09453125 0.72578125 0.13359375 0.1515625
1 0.2859375 0.7125 0.1109375 0.1484375
1 0.559375 0.709375 0.1234375 0.14921875
1 0.74921875 0.70078125 0.115625 0.17109375