0 0.05078125 0.0875 0.1015625 0.1625
0 0.2359375 0.090625 0.1078125 0.1734375
0 0.33671875 0.0875 0.134375 0.1703125
0 0.428125 0.08828125 0.1171875 0.175
0 0.53671875 0.08359375 0.1015625 0.1671875
0 0.6234375 0.09296875 0.096875 0.1859375
0 0.7046875 0.08046875 0.115625 0.1609375
0 0.8015625 0.084375 0.10625 0.16875
0 0.9546875 0.0828125 0.078125 0.165625
0 0.12734375 0.3234375 0.096875 0.221875
0 0.41015625 0.3375 0.1046875 0.15625
0 0.4609375 0.484375 0.1265625 0.1625
0 0.53828125 0.64296875 0.209375 0.153125
0 0.52109375 0.3140625 0.1171875 0.1546875
0 0.55546875 0.47109375 0.115625 0.15625
0 0.6671875 0.490625 0.14375 0.225
0 0.61484375 0.2984375 0.09375 0.16875
0 0.7140625 0.334375 0.13125 0.1859375
0 0.88125 0.496875 0.134375 0.209375
0 0.9609375 0.50703125 0.078125 0.2640625
0 0.815625 0.30546875 0.1546875 0.178125
0 0.9203125 0.29609375 0.10625 0.1640625
0 0.978125 0.3125 0.0390625 0.1484375
0 0.096875 0.846875 0.1265625 0.228125
0 0.328125 0.86171875 0.1375 0.2265625
0 0.44375 0.86875 0.1640625 0.2125
0 0.67734375 0.8328125 0.1265625 0.240625
0 0.90859375 0.840625 0.1453125 0.1953125
0 0.97578125 0.8453125 0.0484375 0.1875
0 0.26484375 0.9671875 0.1359375 0.065625
0 0.6234375 0.96328125 0.1625 0.0703125
0 0.75078125 0.9578125 0.153125 0.078125
0 0.86484375 0.965625 0.1625 0.059375
0 0.94140625 0.94921875 0.1171875 0.0859375
1 0.14140625 0.09296875 0.1296875 0.1703125
1 0.87578125 0.0765625 0.1046875 0.1515625
1 0.02578125 0.3609375 0.0515625 0.1625
1 0.2125 0.35625 0.1328125 0.2125
1 0.3046875 0.34296875 0.1515625 0.1921875
1 0.04765625 0.52734375 0.0953125 0.1921875
1 0.1359375 0.51796875 0.1390625 0.1796875
1 0.22578125 0.51640625 0.178125 0.184375
1 0.33671875 0.5203125 0.1796875 0.1796875
1 0.77578125 0.5234375 0.1609375 0.209375
1 0.21171875 0.85234375 0.146875 0.1703125
1 0.55390625 0.84609375 0.1578125 0.1515625
1 0.7859375 0.83828125 0.140625 0.184375